6.3877672713e-01 -7.6727725764e-01 5.7007918673e-02 4.7671370379e+02 7.6937057909e-01 6.3644806183e-01 -5.4797596932e-02 7.4832943957e+03 5.7623705512e-03 7.8863645025e-02 9.9686875795e-01 6.4346260539e+01
6.3855263685e-01 -7.6746444556e-01 5.6998726043e-02 4.7671423339e+02 7.6955760398e-01 6.3624058772e-01 -5.4580295842e-02 7.4832980497e+03 5.6235335307e-03 7.8716194873e-02 9.9688120483e-01 6.4347199289e+01
6.3872529602e-01 -7.6731762631e-01 5.7040832467e-02 4.7671645939e+02 7.6941478773e-01 6.3641571537e-01 -5.4552008771e-02 7.4832930160e+03 5.5570356809e-03 7.8731807956e-02 9.9688034476e-01 6.4348156849e+01
6.3877335486e-01 -7.6727650878e-01 5.7055763834e-02 4.7671555099e+02 7.6937406140e-01 6.3645071586e-01 -5.4717820897e-02 7.4832935459e+03 5.6705168505e-03 7.8849510773e-02 9.9687040276e-01 6.4346194280e+01
6.3861879433e-01 -7.6740682827e-01 5.7033283694e-02 4.7671544986e+02 7.6950255981e-01 6.3630175680e-01 -5.4643249771e-02 7.4832976579e+03 5.6432243827e-03 7.8783464084e-02 9.9687577953e-01 6.4346448333e+01
6.3859658157e-01 -7.6742424364e-01 5.7047666802e-02 4.7671665232e+02 7.6952184148e-01 6.3629064466e-01 -5.4500926557e-02 7.4832984930e+03 5.5264356548e-03 7.8703531002e-02 9.9688274773e-01 6.4348044983e+01
6.3858866633e-01 -7.6743204045e-01 5.7031381819e-02 4.7671629896e+02 7.6952819777e-01 6.3628093373e-01 -5.4524546760e-02 7.4832971696e+03 5.5559032994e-03 7.8706014066e-02 9.9688238789e-01 6.4349551866e+01
6.3860941206e-01 -7.6742224506e-01 5.6930805516e-02 4.7671730694e+02 7.6950913179e-01 6.3628304083e-01 -5.4768494975e-02 7.4832962965e+03 5.8064553213e-03 7.8784451100e-02 9.9687476412e-01 6.4348642480e+01
6.3867698752e-01 -7.6736284949e-01 5.6973351985e-02 4.7671630689e+02 7.6945327304e-01 6.3635013598e-01 -5.4773762338e-02 7.4832923632e+03 5.7763500621e-03 7.8821073687e-02 9.9687204401e-01 6.4347261368e+01
6.3869263798e-01 -7.6734886743e-01 5.6986225035e-02 4.7671511017e+02 7.6944103838e-01 6.3637515141e-01 -5.4654872824e-02 7.4832920865e+03 5.6747371758e-03 7.8755205067e-02 9.9687783355e-01 6.4347204320e+01
6.3869747939e-01 -7.6734290940e-01 5.7012184710e-02 4.7671297132e+02 7.6943735026e-01 6.3638271347e-01 -5.4618733323e-02 7.4832942383e+03 5.6297289295e-03 7.8752151637e-02 9.9687832997e-01 6.4348819356e+01
6.3860752713e-01 -7.6741498268e-01 5.7049720898e-02 4.7671294339e+02 7.6951178857e-01 6.3628770716e-01 -5.4676877874e-02 7.4832988606e+03 5.6598191821e-03 7.8817498536e-02 9.9687299511e-01 6.4349801684e+01
6.3872658598e-01 -7.6731447547e-01 5.7068766413e-02 4.7671652999e+02 7.6941167419e-01 6.3638671539e-01 -5.4932905450e-02 7.4832973917e+03 5.8330087222e-03 7.8996482266e-02 9.9685782928e-01 6.4349209048e+01
6.3853277845e-01 -7.6747673577e-01 5.7055682445e-02 4.7671865071e+02 7.6957227742e-01 6.3619205749e-01 -5.4937926978e-02 7.4832926638e+03 5.8652088608e-03 7.8988138634e-02 9.9685830151e-01 6.4345468530e+01
6.3853100482e-01 -7.6748460382e-01 5.6969630334e-02 4.7671860743e+02 7.6957427992e-01 6.3620363314e-01 -5.4775586414e-02 7.4832926718e+03 5.7951334402e-03 7.8818272474e-02 9.9687215647e-01 6.4344361945e+01
6.3854993640e-01 -7.6745617366e-01 5.7140180601e-02 4.7671478155e+02 7.6956010589e-01 6.3623151301e-01 -5.4650757224e-02 7.4832964137e+03 5.5876774692e-03 7.8870040983e-02 9.9686924644e-01 6.4349499900e+01
6.3872914320e-01 -7.6731141211e-01 5.7081332101e-02 4.7671318934e+02 7.6941009511e-01 6.3639576222e-01 -5.4850153790e-02 7.4832966815e+03 5.7608311078e-03 7.8953344896e-02 9.9686166651e-01 6.4350775254e+01
6.3848702706e-01 -7.6752379715e-01 5.6934498234e-02 4.7671469333e+02 7.6961101151e-01 6.3616583656e-01 -5.4698440113e-02 7.4832988197e+03 5.7625717549e-03 7.8741661189e-02 9.9687839959e-01 6.4350788061e+01
6.3851431047e-01 -7.6749744695e-01 5.6983719171e-02 4.7671577458e+02 7.6958940895e-01 6.3620369102e-01 -5.4561938829e-02 7.4832959545e+03 5.6228962867e-03 7.8692645506e-02 9.9688306766e-01 6.4347879471e+01
6.3852239416e-01 -7.6748518286e-01 5.7058270553e-02 4.7671511963e+02 7.6958357051e-01 6.3621870267e-01 -5.4469169141e-02 7.4832936585e+03 5.5027413711e-03 7.8690891867e-02 9.9688387657e-01 6.4346794924e+01
6.3852321483e-01 -7.6747844020e-01 5.7139723068e-02 4.7671595230e+02 7.6958175738e-01 6.3619773353e-01 -5.4739040471e-02 7.4832938625e+03 5.6588710879e-03 7.8925836593e-02 9.9686442884e-01 6.4350473264e+01
6.3861969699e-01 -7.6740611902e-01 5.7032719508e-02 4.7671759454e+02 7.6950118427e-01 6.3629400895e-01 -5.4752731360e-02 7.4832950293e+03 5.7280033420e-03 7.8852917914e-02 9.9686980460e-01 6.4351842709e+01
6.3898180422e-01 -7.6712035564e-01 5.6820892613e-02 4.7671676881e+02 7.6919955487e-01 6.3665525585e-01 -5.4791696338e-02 7.4832941511e+03 5.8565056566e-03 7.8717502287e-02 9.9687976014e-01 6.4348945628e+01
6.3877227608e-01 -7.6728794326e-01 5.6913895004e-02 4.7671446222e+02 7.6937479123e-01 6.3645745560e-01 -5.4629093283e-02 7.4832963431e+03 5.6929718241e-03 7.8683666343e-02 9.9688337870e-01 6.4346961284e+01
6.3839169791e-01 -7.6758350876e-01 5.7197876878e-02 4.7671335682e+02 7.6969162395e-01 6.3607387798e-01 -5.4633559074e-02 7.4832957535e+03 5.5537436125e-03 7.8902337281e-02 9.9686688033e-01 6.4348384207e+01
6.3838156853e-01 -7.6759433956e-01 5.7165573900e-02 4.7671620724e+02 7.6969912263e-01 6.3605344220e-01 -5.4765676197e-02 7.4832953704e+03 5.6774629961e-03 7.8961690348e-02 9.9686148379e-01 6.4348220787e+01
6.3856350579e-01 -7.6746706099e-01 5.6841528494e-02 4.7671718807e+02 7.6954645241e-01 6.3623345369e-01 -5.4820160407e-02 7.4832932843e+03 5.9081854037e-03 7.8748350420e-02 9.9687701882e-01 6.4343074672e+01
6.3877497451e-01 -7.6729955598e-01 5.6726742656e-02 4.7671657367e+02 7.6937041047e-01 6.3644461816e-01 -5.4839944406e-02 7.4832912497e+03 5.9752349231e-03 7.8674261372e-02 9.9688246908e-01 6.4341553060e+01
6.3886199913e-01 -7.6721919895e-01 5.6833501021e-02 4.7671530602e+02 7.6929919356e-01 6.3653724906e-01 -5.4763868997e-02 7.4832939710e+03 5.8392513088e-03 7.8708521331e-02 9.9688057049e-01 6.4342998990e+01
6.3865369284e-01 -7.6738162766e-01 5.6981559718e-02 4.7671443654e+02 7.6947377819e-01 6.3634261523e-01 -5.4572710429e-02 7.4832962135e+03 5.6183006239e-03 7.8698879087e-02 9.9688260148e-01 6.4347700086e+01
6.3837776778e-01 -7.6759062716e-01 5.7257791712e-02 4.7671325787e+02 7.6970354593e-01 6.3606105164e-01 -5.4614924366e-02 7.4832967270e+03 5.5024528353e-03 7.8936478817e-02 9.9686446186e-01 6.4351496902e+01
6.3848586938e-01 -7.6751357022e-01 5.7085148027e-02 4.7671320702e+02 7.6961317116e-01 6.3617058717e-01 -5.4612734663e-02 7.4832960059e+03 5.6001228212e-03 7.8802941170e-02 9.9687448312e-01 6.4352253529e+01
6.3881209740e-01 -7.6725519003e-01 5.6908501858e-02 4.7671631052e+02 7.6933998790e-01 6.3647375241e-01 -5.4928549120e-02 7.4832958279e+03 5.9234466714e-03 7.8871007802e-02 9.9686723133e-01 6.4349906952e+01
6.3863041829e-01 -7.6741734487e-01 5.6760969224e-02 4.7671885396e+02 7.6949040336e-01 6.3629870250e-01 -5.4849615713e-02 7.4832967878e+03 5.9756153881e-03 7.8705654128e-02 9.9687998878e-01 6.4346567199e+01
6.3860447168e-01 -7.6744017256e-01 5.6744253270e-02 4.7671776313e+02 7.6951385856e-01 6.3629996995e-01 -5.4504767968e-02 7.4832952147e+03 5.7227818849e-03 7.8472477837e-02 9.9689985454e-01 6.4346779955e+01
6.3877458152e-01 -7.6729391419e-01 5.6807422509e-02 4.7671526889e+02 7.6937307647e-01 6.3647007394e-01 -5.4506093081e-02 7.4832936161e+03 5.6659691029e-03 7.8523208220e-02 9.9689618445e-01 6.4345605159e+01
6.3886189527e-01 -7.6721737989e-01 5.6859218885e-02 4.7671368275e+02 7.6929915384e-01 6.3653361343e-01 -5.4806668177e-02 7.4832941140e+03 5.8558243056e-03 7.8755640881e-02 9.9687675184e-01 6.4345602030e+01
6.3857975774e-01 -7.6744721211e-01 5.6926879696e-02 4.7671260457e+02 7.6953296429e-01 6.3624345023e-01 -5.4893432282e-02 7.4832958730e+03 5.9084572194e-03 7.8860945169e-02 9.9686811638e-01 6.4347401153e+01
6.3830986527e-01 -7.6767194405e-01 5.6923652416e-02 4.7671318287e+02 7.6975758165e-01 6.3598575085e-01 -5.4730158038e-02 7.4832958721e+03 5.8121749968e-03 7.8752212827e-02 9.9687727810e-01 6.4350386818e+01
6.3828556690e-01 -7.6769807611e-01 5.6843636644e-02 4.7671525275e+02 7.6977808629e-01 6.3597218075e-01 -5.4599296611e-02 7.4832935197e+03 5.7648034076e-03 7.8606928823e-02 9.9688901979e-01 6.4351429768e+01
6.3844382366e-01 -7.6755504438e-01 5.6997700607e-02 4.7671946151e+02 7.6964755988e-01 6.3612822157e-01 -5.4621600969e-02 7.4832917966e+03 5.6672394348e-03 7.8740964968e-02 9.9687900110e-01 6.4351520769e+01
6.3897573619e-01 -7.6711670205e-01 5.6938335032e-02 4.7672272820e+02 7.6920668985e-01 6.3666969516e-01 -5.4523091909e-02 7.4832894777e+03 5.5746620428e-03 7.8636281007e-02 9.9688778629e-01 6.4348037448e+01
6.3899264419e-01 -7.6710753220e-01 5.6872090858e-02 4.7671872800e+02 7.6919179209e-01 6.3667928871e-01 -5.4621152613e-02 7.4832974898e+03 5.6910152317e-03 7.8648060224e-02 9.9688619961e-01 6.4345303823e+01
6.3858289123e-01 -7.6744935288e-01 5.6862833157e-02 4.7671743178e+02 7.6953078673e-01 6.3625679890e-01 -5.4769098344e-02 7.4833004070e+03 5.8531448809e-03 7.8732309906e-02 9.9687861050e-01 6.4346560050e+01
6.3845603650e-01 -7.6754485674e-01 5.6998090794e-02 4.7671364616e+02 7.6963708558e-01 6.3613556086e-01 -5.4683678562e-02 7.4832992430e+03 5.7136637726e-03 7.8780969159e-02 9.9687557546e-01 6.4349394319e+01
6.3856798074e-01 -7.6745584636e-01 5.6942583918e-02 4.7670695665e+02 7.6954375425e-01 6.3624436838e-01 -5.4731289046e-02 7.4833012386e+03 5.7744494181e-03 7.8769458535e-02 9.9687613480e-01 6.4350258432e+01
6.3848554938e-01 -7.6751271750e-01 5.7100190139e-02 4.7669651329e+02 7.6961289914e-01 6.3616168026e-01 -5.4720215997e-02 7.4833073397e+03 5.6735087798e-03 7.8883110048e-02 9.9686772756e-01 6.4351713819e+01
6.3847462629e-01 -7.6750858966e-01 5.7277538170e-02 4.7668553112e+02 7.6962301600e-01 6.3615307164e-01 -5.4677990814e-02 7.4833167464e+03 5.5285457719e-03 7.8992621428e-02 9.9685987026e-01 6.4350959322e+01
6.3844337050e-01 -7.6753152181e-01 5.7318632978e-02 4.7667728310e+02 7.6964908472e-01 6.3612113913e-01 -5.4682563375e-02 7.4833282648e+03 5.5089969813e-03 7.9026953478e-02 9.9685725737e-01 6.4351657947e+01
6.3829568284e-01 -7.6764550308e-01 5.7436946911e-02 4.7666535768e+02 7.6977180594e-01 6.3596955163e-01 -5.4718334938e-02 7.4833389675e+03 5.4761343761e-03 7.9139819315e-02 9.9684848445e-01 6.4354443401e+01
6.3822608652e-01 -7.6769040362e-01 5.7609952973e-02 4.7664935017e+02 7.6982776803e-01 6.3586342078e-01 -5.5162647588e-02 7.4833510154e+03 5.7157734231e-03 7.9555982205e-02 9.9681401256e-01 6.4351384607e+01
6.3797713784e-01 -7.6787114706e-01 5.7957511168e-02 4.7662625174e+02 7.7003308391e-01 6.3557748520e-01 -5.5590556672e-02 7.4833650795e+03 5.8498953205e-03 8.0094705297e-02 9.9677009230e-01 6.4349107648e+01
6.3782965307e-01 -7.6794597309e-01 5.8585971731e-02 4.7660052618e+02 7.7015691100e-01 6.3540885487e-01 -5.5802505192e-02 7.4833852939e+03 5.6272639409e-03 8.0712883543e-02 9.9672150791e-01 6.4348083339e+01
6.3753511132e-01 -7.6816195223e-01 5.8959282454e-02 4.7656844052e+02 7.7040178931e-01 6.3510470701e-01 -5.5884650567e-02 7.4834097959e+03 5.4831444711e-03 8.1050763619e-02 9.9669489255e-01 6.4350097409e+01
6.3711787122e-01 -7.6850793870e-01 5.8960718511e-02 4.7652959887e+02 7.7074817707e-01 6.3471024662e-01 -5.5589121072e-02 7.4834370252e+03 5.2977086625e-03 8.0860688791e-02 9.9671133398e-01 6.4352991027e+01
6.3678301102e-01 -7.6880909311e-01 5.8651302039e-02 4.7648786808e+02 7.7102343059e-01 6.3437912836e-01 -5.5551696535e-02 7.4834688221e+03 5.5014875697e-03 8.0595904694e-02 9.9673167592e-01 6.4354320770e+01
6.3652981208e-01 -7.6899952211e-01 5.8902744665e-02 4.7644116473e+02 7.7123053147e-01 6.3408183135e-01 -5.6068694259e-02 7.4835144525e+03 5.7676388818e-03 8.1116990494e-02 9.9668789909e-01 6.4351814303e+01
6.3634449453e-01 -7.6909257488e-01 5.9684969117e-02 4.7638622122e+02 7.7138292326e-01 6.3383332485e-01 -5.6777654158e-02 7.4835603959e+03 5.8369498126e-03 8.2170113588e-02 9.9660122539e-01 6.4352938625e+01
6.3587339943e-01 -7.6944823864e-01 6.0120112641e-02 4.7632299848e+02 7.7177231737e-01 6.3334848525e-01 -5.6896277328e-02 7.4836092253e+03 5.7017581009e-03 8.2577867933e-02 9.9656830457e-01 6.4362912784e+01
6.3512114075e-01 -7.7002917847e-01 6.0631682107e-02 4.7624541699e+02 7.7239490469e-01 6.3261646868e-01 -5.6590765724e-02 7.4836626910e+03 5.2199402144e-03 8.2773594005e-02 9.9655470716e-01 6.4372345804e+01
6.3458864312e-01 -7.7046199961e-01 6.0708822890e-02 4.7616673017e+02 7.7283357019e-01 6.3210074058e-01 -5.6364231071e-02 7.4837227036e+03 5.0524062687e-03 8.2685917252e-02 9.9656284914e-01 6.4374088728e+01
6.3391722888e-01 -7.7101711898e-01 6.0675770861e-02 4.7608815080e+02 7.7338362385e-01 6.3142492711e-01 -5.6394430487e-02 7.4837899165e+03 5.1688771275e-03 8.2675048647e-02 9.9656315356e-01 6.4368063821e+01
6.3326665652e-01 -7.7155781162e-01 6.0596081238e-02 4.7600043496e+02 7.7391276141e-01 6.3072988377e-01 -5.6910908032e-02 7.4838618687e+03 5.6902963827e-03 8.2935861010e-02 9.9653864124e-01 6.4356838128e+01
6.3245429395e-01 -7.7222538119e-01 6.0576618547e-02 4.7589506470e+02 7.7457471830e-01 6.2989648397e-01 -5.7135149050e-02 7.4839389717e+03 5.9642132206e-03 8.3056487599e-02 9.9652699313e-01 6.4356488588e+01
6.3154986484e-01 -7.7293313936e-01 6.0984672601e-02 4.7577960781e+02 7.7531563653e-01 6.2901764074e-01 -5.6766816035e-02 7.4840203021e+03 5.5165184496e-03 8.3133445250e-02 9.9652315493e-01 6.4363189441e+01
6.3035458784e-01 -7.7386496197e-01 6.1531408470e-02 4.7565848867e+02 7.7629337920e-01 6.2788465791e-01 -5.5941449432e-02 7.4841128838e+03 4.6565002782e-03 8.3029374308e-02 9.9653622112e-01 6.4368325033e+01
6.2945391297e-01 -7.7461374926e-01 6.1329527239e-02 4.7553589957e+02 7.7702596176e-01 6.2704465909e-01 -5.5187410262e-02 7.4842123823e+03 4.2925742755e-03 8.2392566223e-02 9.9659070778e-01 6.4371429039e+01
6.2876784150e-01 -7.7518326975e-01 6.1171069957e-02 4.7540843919e+02 7.7757830955e-01 6.2632243151e-01 -5.5607412416e-02 7.4843159216e+03 4.7931225057e-03 8.2529449846e-02 9.9657709982e-01 6.4374991747e+01
6.2775025692e-01 -7.7601347748e-01 6.1095807594e-02 4.7527371070e+02 7.7839464255e-01 6.2523253148e-01 -5.6445212697e-02 7.4844234753e+03 5.6031593482e-03 8.2990146085e-02 9.9653461568e-01 6.4379861717e+01
6.2680570902e-01 -7.7678984939e-01 6.0927276592e-02 4.7512045355e+02 7.7915105090e-01 6.2424621549e-01 -5.6923653570e-02 7.4845319406e+03 6.1840944507e-03 8.3151622620e-02 9.9651771918e-01 6.4379341687e+01
6.2595875361e-01 -7.7748768208e-01 6.0733376248e-02 4.7495998462e+02 7.7982900509e-01 6.2338597738e-01 -5.7067030984e-02 7.4846518772e+03 6.5085785308e-03 8.3083255962e-02 9.9652135501e-01 6.4382953973e+01
6.2530564402e-01 -7.7800166192e-01 6.0879106438e-02 4.7479742604e+02 7.8035405420e-01 6.2274387712e-01 -5.6900031612e-02 7.4847824667e+03 6.3562283783e-03 8.3087168437e-02 9.9652201220e-01 6.4392073143e+01
6.2490904033e-01 -7.7835398501e-01 6.0446383948e-02 4.7462994179e+02 7.8066786091e-01 6.2233398372e-01 -5.7079800658e-02 7.4849149488e+03 6.8104513819e-03 8.2858232708e-02 9.9653807304e-01 6.4397053653e+01
6.2455258261e-01 -7.7862393984e-01 6.0653374607e-02 4.7445642171e+02 7.8095526336e-01 6.2199261423e-01 -5.6868835686e-02 7.4850434078e+03 6.5534858619e-03 8.2885150338e-02 9.9653755758e-01 6.4397490753e+01
6.2416262842e-01 -7.7890885264e-01 6.1008299225e-02 4.7428399326e+02 7.8127194175e-01 6.2164621009e-01 -5.6304018756e-02 7.4851766291e+03 5.9301206509e-03 8.2806936735e-02 9.9654796417e-01 6.4399427935e+01
6.2374203512e-01 -7.7929476651e-01 6.0378311643e-02 4.7410183215e+02 7.8160334294e-01 6.2121573576e-01 -5.6455504157e-02 7.4853148786e+03 6.4875216389e-03 8.2405561278e-02 9.9657776191e-01 6.4404472329e+01
6.2346624856e-01 -7.7960466202e-01 5.9214929474e-02 4.7391573981e+02 7.8182165376e-01 6.2100487487e-01 -5.5748068162e-02 7.4854588281e+03 6.6886939688e-03 8.1052553010e-02 9.9668738581e-01 6.4411106431e+01
6.2272309734e-01 -7.8025063295e-01 5.8522592282e-02 4.7372670046e+02 7.8241602669e-01 6.2034510199e-01 -5.4745918647e-02 7.4856038878e+03 6.4113341977e-03 7.9880562152e-02 9.9678382340e-01 6.4406866302e+01
6.2203759990e-01 -7.8076750835e-01 5.8917927743e-02 4.7353362441e+02 7.8296902589e-01 6.1974440896e-01 -5.3631819439e-02 7.4857469539e+03 5.3599257258e-03 7.9491920735e-02 9.9682110016e-01 6.4401813827e+01
6.2144400498e-01 -7.8116960542e-01 5.9844767922e-02 4.7334494062e+02 7.8344792137e-01 6.1922147668e-01 -5.2669890001e-02 7.4858986478e+03 4.0869516251e-03 7.9616646418e-02 9.9681717804e-01 6.4407707796e+01
6.2129838749e-01 -7.8127561006e-01 5.9972784063e-02 4.7314808352e+02 7.8356693161e-01 6.1914373644e-01 -5.1806344353e-02 7.4860534034e+03 3.3432596800e-03 7.9179888597e-02 9.9685473759e-01 6.4416082255e+01
6.2153707999e-01 -7.8113498163e-01 5.9327891178e-02 4.7294849897e+02 7.8337699361e-01 6.1940909474e-01 -5.1505914582e-02 7.4862058865e+03 3.4848362732e-03 7.8488940780e-02 9.9690889358e-01 6.4417572627e+01
6.2142581619e-01 -7.8127022705e-01 5.8709345903e-02 4.7275055354e+02 7.8346090100e-01 6.1925247204e-01 -5.2109427807e-02 7.4863529091e+03 4.3556369118e-03 7.8378620744e-02 9.9691414888e-01 6.4417012342e+01
6.2090361084e-01 -7.8173551535e-01 5.8036971627e-02 4.7254994710e+02 7.8386507832e-01 6.1862955465e-01 -5.3413604054e-02 7.4864987729e+03 5.8519253805e-03 7.8657854935e-02 9.9688449523e-01 6.4416083960e+01
6.2062472666e-01 -7.8198662001e-01 5.7635707555e-02 4.7234372614e+02 7.8407563672e-01 6.1825536385e-01 -5.4641568198e-02 7.4866508273e+03 7.0953898817e-03 7.9102662426e-02 9.9684122318e-01 6.4428674286e+01
6.2056272039e-01 -7.8204031076e-01 5.7574841807e-02 4.7213727011e+02 7.8412618507e-01 6.1821464805e-01 -5.4376233972e-02 7.4868105479e+03 6.9307963490e-03 7.8889804741e-02 9.9685924923e-01 6.4450014161e+01
6.2044886767e-01 -7.8211624160e-01 5.7770124046e-02 4.7193409794e+02 7.8422555274e-01 6.1820284460e-01 -5.3061524197e-02 7.4869724892e+03 5.7866248603e-03 7.8226770067e-02 9.9691879680e-01 6.4455093059e+01
6.2021465707e-01 -7.8226476355e-01 5.8271938951e-02 4.7173597711e+02 7.8441450536e-01 6.1798903168e-01 -5.2758321631e-02 7.4871270460e+03 5.2595568695e-03 7.8430838527e-02 9.9690568292e-01 6.4449019454e+01
6.1954505994e-01 -7.8273827522e-01 5.9031442538e-02 4.7153018896e+02 7.8494371643e-01 6.1727658515e-01 -5.3225740649e-02 7.4872833879e+03 5.2230971663e-03 7.9312104573e-02 9.9683614969e-01 6.4449034365e+01
6.1910304660e-01 -7.8302027543e-01 5.9922165807e-02 4.7131906763e+02 7.8529341171e-01 6.1679293304e-01 -5.3672481577e-02 7.4874382921e+03 5.0670729054e-03 8.0285278886e-02 9.9675904750e-01 6.4454341437e+01
6.1909021588e-01 -7.8297836906e-01 6.0598499867e-02 4.7111060052e+02 7.8530559410e-01 6.1676777843e-01 -5.3783188468e-02 7.4875950380e+03 4.7358710498e-03 8.0884986699e-02 9.9671219038e-01 6.4459017781e+01
6.1904085038e-01 -7.8292536255e-01 6.1776227210e-02 4.7090171568e+02 7.8535046248e-01 6.1675402994e-01 -5.3283371203e-02 7.4877591838e+03 3.6161656309e-03 8.1500572030e-02 9.9666673472e-01 6.4464695058e+01
6.1909647874e-01 -7.8285813857e-01 6.2069999880e-02 4.7068936972e+02 7.8531034236e-01 6.1688570797e-01 -5.2342043200e-02 7.4879250536e+03 2.6862986889e-03 8.1148987491e-02 9.9669836241e-01 6.4468858913e+01
6.1944344444e-01 -7.8265322279e-01 6.1186207544e-02 4.7047409884e+02 7.8503646045e-01 6.1728208040e-01 -5.1774404692e-02 7.4880915371e+03 2.7522552056e-03 8.0104719375e-02 9.9678265385e-01 6.4471615915e+01
6.1989520180e-01 -7.8239158544e-01 5.9944522759e-02 4.7025167209e+02 7.8467590857e-01 6.1771708962e-01 -5.2051087419e-02 7.4882549347e+03 3.6955766722e-03 7.9303242200e-02 9.9684368809e-01 6.4469753582e+01
6.1993059392e-01 -7.8238842652e-01 5.9618862629e-02 4.7003140690e+02 7.8464620343e-01 6.1773824260e-01 -5.2247479064e-02 7.4884249345e+03 4.0489715077e-03 7.9169524942e-02 9.9685294409e-01 6.4477431314e+01
6.1994771198e-01 -7.8231388998e-01 6.0413673532e-02 4.6980701839e+02 7.8463618374e-01 6.1777803716e-01 -5.1926447686e-02 7.4885994644e+03 3.3005406296e-03 7.9594436681e-02 9.9682186577e-01 6.4483864205e+01
6.2017348927e-01 -7.8203347902e-01 6.1712890895e-02 4.6958314015e+02 7.8446111380e-01 6.1801123563e-01 -5.1796463025e-02 7.4887734276e+03 2.3673082242e-03 8.0534156334e-02 9.9674903838e-01 6.4486743214e+01
6.2035973430e-01 -7.8192497381e-01 6.1213849679e-02 4.6935677383e+02 7.8431358511e-01 6.1822065451e-01 -5.1530792325e-02 7.4889447446e+03 2.4495472251e-03 7.9978482535e-02 9.9679358046e-01 6.4493088791e+01
6.2025413016e-01 -7.8210894406e-01 5.9920060357e-02 4.6912728141e+02 7.8439388301e-01 6.1811249287e-01 -5.1606031120e-02 7.4891184999e+03 3.3242006256e-03 7.9009782757e-02 9.9686829818e-01 6.4497846350e+01
6.2021801501e-01 -7.8216669926e-01 5.9538797644e-02 4.6889305867e+02 7.8442295244e-01 6.1811405780e-01 -5.1143359565e-02 7.4893016498e+03 3.2008649319e-03 7.8423632383e-02 9.9691498552e-01 6.4494998433e+01
6.2065159805e-01 -7.8176392754e-01 6.0305517463e-02 4.6865261471e+02 7.8408357296e-01 6.1860177080e-01 -5.0446008421e-02 7.4894839592e+03 2.1317697795e-03 7.8593961343e-02 9.9690443113e-01 6.4492177278e+01
6.2123496775e-01 -7.8124222349e-01 6.1054918558e-02 4.6841492373e+02 7.8362366461e-01 6.1924324248e-01 -4.9716786880e-02 7.4896628368e+03 1.0330073893e-03 7.8729885517e-02 9.9689544990e-01 6.4494565990e+01
6.2152046448e-01 -7.8102412283e-01 6.0939574914e-02 4.6817639988e+02 7.8339707932e-01 6.1952205735e-01 -4.9814019761e-02 7.4898465679e+03 1.1525402638e-03 7.8700317702e-02 9.9689765355e-01 6.4498423151e+01
6.2175358434e-01 -7.8088285496e-01 6.0369257001e-02 4.6793877090e+02 7.8321049468e-01 6.1971006156e-01 -5.0405958298e-02 7.4900251303e+03 1.9497126505e-03 7.8621920884e-02 9.9690259914e-01 6.4509502233e+01
6.2221578012e-01 -7.8053048524e-01 6.0163814573e-02 4.6769699522e+02 7.8284104715e-01 6.2010441988e-01 -5.1287457981e-02 7.4902103781e+03 2.7235771312e-03 7.9010569279e-02 9.9687005777e-01 6.4518463770e+01
6.2295068596e-01 -7.7995191875e-01 6.0062028718e-02 4.6745379217e+02 7.8225395788e-01 6.2077778791e-01 -5.2093026606e-02 7.4904046972e+03 3.3448827300e-03 7.9435146341e-02 9.9683442421e-01 6.4520546586e+01
6.2367226126e-01 -7.7938832362e-01 5.9889494404e-02 4.6720753546e+02 7.8167703085e-01 6.2146619212e-01 -5.2543234440e-02 7.4905999447e+03 3.7322873726e-03 7.9584000003e-02 9.9682117603e-01 6.4515715313e+01
6.2421989793e-01 -7.7896292709e-01 5.9718315884e-02 4.6695710753e+02 7.8124174114e-01 6.2206557749e-01 -5.1920701061e-02 7.4907948386e+03 3.2955926179e-03 7.9064375796e-02 9.9686406473e-01 6.4512086917e+01
6.2466079549e-01 -7.7858353948e-01 6.0054663654e-02 4.6670476293e+02 7.8089267814e-01 6.2257671474e-01 -5.1037824161e-02 7.4909883072e+03 2.3485745798e-03 7.8777574976e-02 9.9688945118e-01 6.4509114659e+01
6.2509626037e-01 -7.7823215507e-01 6.0078099879e-02 4.6645291920e+02 7.8054469488e-01 6.2302700522e-01 -5.0865804368e-02 7.4911852319e+03 2.1551259060e-03 7.8689666230e-02 9.9689683110e-01 6.4516673166e+01
6.2561513480e-01 -7.7780060847e-01 6.0265384449e-02 4.6619650370e+02 7.8012814240e-01 6.2350450751e-01 -5.1402437220e-02 7.4913833891e+03 2.4051080962e-03 7.9172865112e-02 9.9685800036e-01 6.4529996214e+01
6.2615811480e-01 -7.7733208954e-01 6.0669908891e-02 4.6593874788e+02 7.7969132961e-01 6.2398348033e-01 -5.2211558070e-02 7.4915799054e+03 2.7286986313e-03 7.9996492702e-02 9.9679141016e-01 6.4544650458e+01
6.2660575035e-01 -7.7692839509e-01 6.1216848419e-02 4.6567670624e+02 7.7933189705e-01 6.2439883831e-01 -5.2610692344e-02 7.4917808783e+03 2.6510117298e-03 8.0674404963e-02 9.9673698262e-01 6.4554955254e+01
6.2740271181e-01 -7.7629261692e-01 6.1119637940e-02 4.6541163613e+02 7.7868948640e-01 6.2516849316e-01 -5.2981496014e-02 7.4919868246e+03 2.9190722358e-03 8.0833953751e-02 9.9672330711e-01 6.4564863585e+01
6.2802918639e-01 -7.7586353623e-01 6.0125819625e-02 4.6514731230e+02 7.7818189263e-01 6.2579749315e-01 -5.3013578923e-02 7.4921908296e+03 3.5047156169e-03 8.0082898950e-02 9.9678204552e-01 6.4565055388e+01
6.2828372599e-01 -7.7568248021e-01 5.9801752128e-02 4.6488246158e+02 7.7797544617e-01 6.2605113712e-01 -5.3048834750e-02 7.4923980613e+03 3.7100967901e-03 7.9854014350e-02 9.9679966471e-01 6.4562554631e+01
6.2872225042e-01 -7.7529225760e-01 6.0251532173e-02 4.6461864289e+02 7.7762111774e-01 6.2645590483e-01 -5.3463974302e-02 7.4926096200e+03 3.7052772319e-03 8.0466854033e-02 9.9675039821e-01 6.4561718941e+01
6.2922723643e-01 -7.7480057400e-01 6.1295639875e-02 4.6434807708e+02 7.7721497394e-01 6.2694182083e-01 -5.3673434615e-02 7.4928201902e+03 3.1574078762e-03 8.1412676080e-02 9.9667547725e-01 6.4575855273e+01
6.3007206721e-01 -7.7411091617e-01 6.1330902473e-02 4.6407033246e+02 7.7653016624e-01 6.2777550056e-01 -5.3840707864e-02 7.4930315048e+03 3.1766416919e-03 8.1548821996e-02 9.9666428579e-01 6.4590208773e+01
6.3062130521e-01 -7.7373221013e-01 6.0458551246e-02 4.6379306538e+02 7.7608161618e-01 6.2832069436e-01 -5.3948401861e-02 7.4932456775e+03 3.7542573060e-03 8.0941781758e-02 9.9671176050e-01 6.4594581715e+01
6.3103537114e-01 -7.7349684370e-01 5.9135379859e-02 4.6351873092e+02 7.7574053312e-01 6.2873812040e-01 -5.3990751242e-02 7.4934645763e+03 4.5810080925e-03 7.9943784847e-02 9.9678884706e-01 6.4587880547e+01
6.3144560797e-01 -7.7324752121e-01 5.8006164508e-02 4.6324395268e+02 7.7540220134e-01 6.2915246883e-01 -5.4024041991e-02 7.4936840564e+03 5.2792349472e-03 7.9091351691e-02 9.9685339332e-01 6.4581057308e+01
6.3207241387e-01 -7.7274209435e-01 5.7914758404e-02 4.6296941269e+02 7.7489115581e-01 6.2977807588e-01 -5.4067289437e-02 7.4939019192e+03 5.3066253625e-03 7.9052076224e-02 9.9685636326e-01 6.4585494929e+01
6.3268696342e-01 -7.7220107876e-01 5.8418321440e-02 4.6269204361e+02 7.7439005748e-01 6.3036141886e-01 -5.4447410263e-02 7.4941229517e+03 5.2196929502e-03 7.9686733963e-02 9.9680628973e-01 6.4599645320e+01
6.3333864889e-01 -7.7163950429e-01 5.8776111160e-02 4.6240884382e+02 7.7385531552e-01 6.3095493270e-01 -5.5170857776e-02 7.4943458992e+03 5.4869360845e-03 8.0426042569e-02 9.9674547664e-01 6.4614229959e+01
6.3368811819e-01 -7.7130767495e-01 5.9361935849e-02 4.6212447238e+02 7.7357228331e-01 6.3130745914e-01 -5.5107300118e-02 7.4945676033e+03 5.0290506364e-03 8.0841589567e-02 9.9671427503e-01 6.4631573825e+01
6.3387652143e-01 -7.7114988891e-01 5.9400373949e-02 4.6184067462e+02 7.7341752350e-01 6.3148541125e-01 -5.5240471752e-02 7.4947940820e+03 5.0882140831e-03 8.0956928191e-02 9.9670461314e-01 6.4632783142e+01
6.3430044158e-01 -7.7082870700e-01 5.9042817252e-02 4.6156346297e+02 7.7306367754e-01 6.3184046715e-01 -5.6126415733e-02 7.4950202033e+03 5.9582112336e-03 8.1244867721e-02 9.9667636231e-01 6.4624468697e+01
6.3478341824e-01 -7.7043799120e-01 5.8951790834e-02 4.6127930109e+02 7.7266127581e-01 6.3225047671e-01 -5.7042857343e-02 7.4952485364e+03 6.6756865659e-03 8.1759625888e-02 9.9662972000e-01 6.4625970142e+01
6.3523023716e-01 -7.7003183329e-01 5.9443431313e-02 4.6098833555e+02 7.7229724058e-01 6.3269845703e-01 -5.7005566928e-02 7.4954722335e+03 6.2863339368e-03 8.2119657772e-02 9.9660265092e-01 6.4641300867e+01
6.3536393756e-01 -7.6988349246e-01 5.9933920955e-02 4.6069444903e+02 7.7219142812e-01 6.3285188654e-01 -5.6735245160e-02 7.4956981574e+03 5.7502337457e-03 8.2327988778e-02 9.9658870005e-01 6.4655968061e+01
6.3525815718e-01 -7.6996724126e-01 5.9979339168e-02 4.6040389188e+02 7.7228262006e-01 6.3280639182e-01 -5.5996653649e-02 7.4959285164e+03 5.1602797270e-03 8.1893332208e-02 9.9662774076e-01 6.4662826257e+01
6.3558045761e-01 -7.6973762588e-01 5.9510244612e-02 4.6011208911e+02 7.7201789424e-01 6.3316803107e-01 -5.5557316283e-02 7.4961642075e+03 5.0845723260e-03 8.1254118238e-02 9.9668044798e-01 6.4662483140e+01
6.3570387560e-01 -7.6967923203e-01 5.8944569995e-02 4.5982063320e+02 7.7191256315e-01 6.3327516969e-01 -5.5799232173e-02 7.4964033759e+03 5.6193776008e-03 8.0971842256e-02 9.9670054849e-01 6.4658573813e+01
6.3568275881e-01 -7.6972512579e-01 5.8571843772e-02 4.5952659800e+02 7.7192600755e-01 6.3322700223e-01 -5.6158726108e-02 7.4966364132e+03 6.1375094712e-03 8.0912263461e-02 9.9670233099e-01 6.4659616928e+01
6.3596131176e-01 -7.6950868879e-01 5.8391675950e-02 4.5922756364e+02 7.7169408203e-01 6.3348489942e-01 -5.6436920200e-02 7.4968633753e+03 6.4384554967e-03 8.0952208572e-02 9.9669718883e-01 6.4669515509e+01
6.3611954113e-01 -7.6939236018e-01 5.8200734500e-02 4.5893661081e+02 7.7156160102e-01 6.3363050018e-01 -5.6613470776e-02 7.4970952900e+03 6.6802113861e-03 8.0918386943e-02 9.9669834425e-01 6.4685886673e+01
6.3618357428e-01 -7.6932307302e-01 5.8416343018e-02 4.5863881112e+02 7.7151679852e-01 6.3378260872e-01 -5.5510669948e-02 7.4973361248e+03 5.6823769196e-03 8.0384166365e-02 9.9674775966e-01 6.4702181808e+01
6.3591176510e-01 -7.6947499236e-01 5.9367189087e-02 4.5833855977e+02 7.7174718047e-01 6.3354257045e-01 -5.5046351938e-02 7.4975766008e+03 4.7451496630e-03 8.0821083613e-02 9.9671733004e-01 6.4708099360e+01
6.3569128816e-01 -7.6960937943e-01 5.9983241371e-02 4.5803367067e+02 7.7192774881e-01 6.3326187646e-01 -5.5739989531e-02 7.4978125318e+03 4.9129187656e-03 8.1736154224e-02 9.9664189372e-01 6.4704667691e+01
6.3580831217e-01 -7.6951073205e-01 6.0008528097e-02 4.5773495892e+02 7.7183129886e-01 6.3337503215e-01 -5.5789916141e-02 7.4980498528e+03 4.9230357977e-03 8.1788152602e-02 9.9663757797e-01 6.4710174090e+01
6.3601265373e-01 -7.6938378926e-01 5.9468387559e-02 4.5743767389e+02 7.7166312488e-01 6.3362004159e-01 -5.5332310676e-02 7.4982886594e+03 4.8914206579e-03 8.1081611525e-02 9.9669546316e-01 6.4718200587e+01
6.3620588692e-01 -7.6930343662e-01 5.8431942076e-02 4.5713922967e+02 7.7150199918e-01 6.3385681871e-01 -5.4865277117e-02 7.4985280524e+03 5.1705613216e-03 7.9985972417e-02 9.9678257886e-01 6.4726132201e+01
6.3614512665e-01 -7.6936763202e-01 5.8247958201e-02 4.5683598242e+02 7.7154913494e-01 6.3376561979e-01 -5.5254606573e-02 7.4987685514e+03 5.5955524870e-03 8.0091110459e-02 9.9677184140e-01 6.4731967122e+01
6.3608370726e-01 -7.6937045864e-01 5.8877964704e-02 4.5652932603e+02 7.7159243952e-01 6.3356093049e-01 -5.6970647112e-02 7.4990070007e+03 6.5287547942e-03 8.1667892840e-02 9.9663821452e-01 6.4731654421e+01
6.3594522600e-01 -7.6943823594e-01 5.9485045123e-02 4.5621635612e+02 7.7169621269e-01 6.3325730108e-01 -5.8907944665e-02 7.4992447579e+03 7.6566858972e-03 8.3366610217e-02 9.9648953003e-01 6.4735668484e+01
6.3566361015e-01 -7.6966509495e-01 5.9560190976e-02 4.5590724853e+02 7.7192608838e-01 6.3294965277e-01 -5.9201783253e-02 7.4994886549e+03 7.8669439317e-03 8.3608484513e-02 9.9646762743e-01 6.4745396247e+01
6.3574020427e-01 -7.6958684275e-01 5.9753528268e-02 4.5560221321e+02 7.7187277321e-01 6.3312146795e-01 -5.8048503883e-02 7.4997329703e+03 6.8421232976e-03 8.3025889289e-02 9.9652390190e-01 6.4758193267e+01
6.3597710192e-01 -7.6935041381e-01 6.0274925095e-02 4.5530329413e+02 7.7168962315e-01 6.3348123664e-01 -5.6538910014e-02 7.4999785828e+03 5.3151997280e-03 8.2470986369e-02 9.9657929191e-01 6.4764390313e+01
6.3607092551e-01 -7.6920627936e-01 6.1118552917e-02 4.5500192455e+02 7.7161780457e-01 6.3360591730e-01 -5.6120452914e-02 7.5002271832e+03 4.4431279979e-03 8.2856752046e-02 9.9655156277e-01 6.4759385138e+01
6.3642600415e-01 -7.6884018503e-01 6.2021860105e-02 4.5468786179e+02 7.7132388969e-01 6.3387164040e-01 -5.7150684098e-02 7.5004698637e+03 4.6258443312e-03 8.4211123897e-02 9.9643719731e-01 6.4762543429e+01
6.3660943783e-01 -7.6871059870e-01 6.1744952116e-02 4.5437139870e+02 7.7116254161e-01 6.3391664360e-01 -5.8804960469e-02 7.5007115333e+03 6.0628435641e-03 8.5051187032e-02 9.9635813717e-01 6.4773959674e+01
6.3640264002e-01 -7.6893377155e-01 6.1094473839e-02 4.5406146295e+02 7.7132972020e-01 6.3371429567e-01 -5.8793317595e-02 7.5009624771e+03 6.4917259823e-03 8.4540205945e-02 9.9639892165e-01 6.4783559524e+01
6.3622735246e-01 -7.6907182944e-01 6.1182327073e-02 4.5375143129e+02 7.7147882535e-01 6.3359519300e-01 -5.8116722534e-02 7.5012139507e+03 5.9311057895e-03 8.4176318334e-02 9.9643322376e-01 6.4792840776e+01
6.3610847152e-01 -7.6911977453e-01 6.1812497851e-02 4.5344283126e+02 7.7157966049e-01 6.3347107171e-01 -5.8131134801e-02 7.5014608194e+03 5.5533760325e-03 8.4670973412e-02 9.9639348968e-01 6.4800259700e+01
6.3587504928e-01 -7.6925525282e-01 6.2524217079e-02 4.5313046292e+02 7.7177257792e-01 6.3319404223e-01 -5.8586626867e-02 7.5017063123e+03 5.4781087125e-03 8.5508250443e-02 9.9632240235e-01 6.4812078608e+01
6.3595383723e-01 -7.6916831694e-01 6.2791855530e-02 4.5281556774e+02 7.7170787913e-01 6.3325518753e-01 -5.8777689268e-02 7.5019558910e+03 5.4466680797e-03 8.5836866692e-02 9.9629431702e-01 6.4821066440e+01
6.3595966681e-01 -7.6921073384e-01 6.2210522703e-02 4.5250195523e+02 7.7170150771e-01 6.3328117755e-01 -5.8580996565e-02 7.5022079167e+03 5.6643782837e-03 8.5263105223e-02 9.9634236972e-01 6.4822433093e+01
6.3572249893e-01 -7.6946052679e-01 6.1541872370e-02 4.5219031906e+02 7.7189452561e-01 6.3306236651e-01 -5.8402751919e-02 7.5024640869e+03 5.9787688956e-03 8.4631777773e-02 9.9639435793e-01 6.4826280502e+01
6.3565141077e-01 -7.6954138312e-01 6.1264538219e-02 4.5187921569e+02 7.7195774573e-01 6.3308235139e-01 -5.7340868213e-02 7.5027161396e+03 5.3406731220e-03 8.3742438592e-02 9.9647312116e-01 6.4837377848e+01
6.3578580032e-01 -7.6948754806e-01 6.0541964632e-02 4.5155901001e+02 7.7184992515e-01 6.3331526277e-01 -5.6209171785e-02 7.5029688573e+03 4.9101075356e-03 8.2466304139e-02 9.9658175757e-01 6.4844995139e+01
6.3563810808e-01 -7.6979105792e-01 5.8188681907e-02 4.5123405709e+02 7.7196578174e-01 6.3325118995e-01 -5.5333193056e-02 7.5032224549e+03 5.7469451616e-03 8.0091557465e-02 9.9677094412e-01 6.4850387087e+01
6.3574875846e-01 -7.6979900721e-01 5.6859516492e-02 4.5091899117e+02 7.7187187853e-01 6.3341875660e-01 -5.4721859640e-02 7.5034759377e+03 6.1089489861e-03 7.8677616134e-02 9.9688139388e-01 6.4863390541e+01
6.3596787466e-01 -7.6964839883e-01 5.6446475378e-02 4.5060453641e+02 7.7169124254e-01 6.3366406890e-01 -5.4428613466e-02 7.5037313477e+03 6.1227919410e-03 7.8174100348e-02 9.9692092036e-01 6.4868789215e+01
6.3603010389e-01 -7.6958985232e-01 5.6543488993e-02 4.5028620626e+02 7.7164033402e-01 6.3372383591e-01 -5.4454519587e-02 7.5039881223e+03 6.0746889470e-03 7.8265950484e-02 9.9691400790e-01 6.4872178184e+01
6.3596313080e-01 -7.6962325141e-01 5.6841421169e-02 4.4996211670e+02 7.7169891657e-01 6.3368163194e-01 -5.4114429655e-02 7.5042388132e+03 5.6283587705e-03 7.8279245237e-02 9.9691558386e-01 6.4875115465e+01
6.3614322487e-01 -7.6944452040e-01 5.7244453647e-02 4.4963659011e+02 7.7155181442e-01 6.3385111791e-01 -5.4226912057e-02 7.5044914600e+03 5.4401394027e-03 7.8663144788e-02 9.9688641005e-01 6.4880999305e+01
6.3634181631e-01 -7.6934212571e-01 5.6407325977e-02 4.4931387355e+02 7.7137841493e-01 6.3398274154e-01 -5.5147297478e-02 7.5047446611e+03 6.6658679032e-03 7.8603925144e-02 9.9688363872e-01 6.4887354915e+01
6.3620723679e-01 -7.6952939331e-01 5.5361220063e-02 4.4899608825e+02 7.7148053611e-01 6.3382709830e-01 -5.5506683142e-02 7.5050067596e+03 7.6245827318e-03 7.8023857239e-02 9.9692233571e-01 6.4896342667e+01
6.3617224585e-01 -7.6959243885e-01 5.4884894795e-02 4.4867244333e+02 7.7151277983e-01 6.3386176379e-01 -5.4656152013e-02 7.5052650402e+03 7.2735251058e-03 7.7115124729e-02 9.9699566367e-01 6.4900330969e+01
6.3621454935e-01 -7.6960276531e-01 5.4246021289e-02 4.4834322893e+02 7.7147744242e-01 6.3394417207e-01 -5.4197255723e-02 7.5055204492e+03 7.3214088225e-03 7.6330664391e-02 9.9705567881e-01 6.4900981389e+01
6.3656420356e-01 -7.6931560961e-01 5.4217225574e-02 4.4801095270e+02 7.7118607058e-01 6.3426370815e-01 -5.4603965661e-02 7.5057794805e+03 7.6196645915e-03 7.6570499061e-02 9.9703505424e-01 6.4903170440e+01
6.3682804041e-01 -7.6907686705e-01 5.4505224619e-02 4.4768483441e+02 7.7095688618e-01 6.3439754506e-01 -5.6260416637e-02 7.5060354970e+03 8.6906042755e-03 7.7849389133e-02 9.9692725211e-01 6.4910237562e+01
6.3677866357e-01 -7.6911921632e-01 5.4484536513e-02 4.4736303137e+02 7.7098438577e-01 6.3423758816e-01 -5.7669391080e-02 7.5062948374e+03 9.7984958428e-03 7.8729364698e-02 9.9684787035e-01 6.4919403056e+01
6.3681978363e-01 -7.6909736718e-01 5.4312088654e-02 4.4703625064e+02 7.7093905083e-01 6.3420361213e-01 -5.8640926555e-02 7.5065596675e+03 1.0655659416e-02 7.9215012237e-02 9.9680060130e-01 6.4933832185e+01
6.3677352313e-01 -7.6919287234e-01 5.3495844509e-02 4.4670697655e+02 7.7096179060e-01 6.3411092963e-01 -5.9340090540e-02 7.5068222630e+03 1.1721674994e-02 7.9029450589e-02 9.9680336490e-01 6.4938163013e+01
6.3679945682e-01 -7.6918734092e-01 5.3266184057e-02 4.4637538938e+02 7.7093638257e-01 6.3412781380e-01 -5.9489577182e-02 7.5070787550e+03 1.1981060839e-02 7.8947769687e-02 9.9680675351e-01 6.4938730658e+01
6.3689255807e-01 -7.6905678148e-01 5.4032733938e-02 4.4604491399e+02 7.7086302616e-01 6.3418445502e-01 -5.9835373430e-02 7.5073378590e+03 1.1750079783e-02 7.9760540842e-02 9.9674479770e-01 6.4942572671e+01
6.3708923512e-01 -7.6889139668e-01 5.4067796420e-02 4.4571235137e+02 7.7069932918e-01 6.3436890210e-01 -5.9988666038e-02 7.5076067502e+03 1.1825840561e-02 7.9888147793e-02 9.9673368225e-01 6.4941732834e+01
6.3712078302e-01 -7.6888997149e-01 5.3715170912e-02 4.4537870829e+02 7.7066825057e-01 6.3439444973e-01 -6.0117632283e-02 7.5078743972e+03 1.2147238280e-02 7.9698769750e-02 9.9674497777e-01 6.4947338260e+01
6.3688797683e-01 -7.6912953667e-01 5.3042066278e-02 4.4504772539e+02 7.7084592786e-01 6.3412338649e-01 -6.0696673855e-02 7.5081375788e+03 1.3048389945e-02 7.9544242607e-02 9.9674593201e-01 6.4961528456e+01
6.3706439637e-01 -7.6901102220e-01 5.2640313614e-02 4.4471437467e+02 7.7067336444e-01 6.3417539601e-01 -6.2322808263e-02 7.5083970169e+03 1.4543734756e-02 8.0272129824e-02 9.9666687762e-01 6.4972268445e+01
6.3727954040e-01 -7.6883991335e-01 5.2535464578e-02 4.4438445981e+02 7.7047578526e-01 6.3429176627e-01 -6.3569014312e-02 7.5086590460e+03 1.5551582837e-02 8.0988535548e-02 9.9659370125e-01 6.4989311932e+01
6.3750744358e-01 -7.6857202338e-01 5.3677781710e-02 4.4405137322e+02 7.7030640674e-01 6.3452696044e-01 -6.3273819299e-02 7.5089333897e+03 1.4570487654e-02 8.1685869938e-02 9.9655161409e-01 6.4993139423e+01
6.3742244831e-01 -7.6850837681e-01 5.5565251501e-02 4.4371659971e+02 7.7042057424e-01 6.3455924046e-01 -6.1536242345e-02 7.5092036569e+03 1.2031673930e-02 8.2033195225e-02 9.9655696962e-01 6.4986200442e+01
6.3727468875e-01 -7.6859534253e-01 5.6055066752e-02 4.4338213844e+02 7.7057284829e-01 6.3459731926e-01 -5.9192295696e-02 7.5094696604e+03 9.9225276945e-03 8.0916264264e-02 9.9667151139e-01 6.4983383518e+01
6.3727744645e-01 -7.6866270220e-01 5.5091800537e-02 4.4305078568e+02 7.7056547524e-01 6.3463355412e-01 -5.8899069157e-02 7.5097362268e+03 1.0310412477e-02 7.9986887853e-02 9.9674259123e-01 6.4989687770e+01
6.3752001877e-01 -7.6860847966e-01 5.3002175961e-02 4.4271443616e+02 7.7033081177e-01 6.3479982217e-01 -6.0163329473e-02 7.5100067079e+03 1.2596273323e-02 7.9184536169e-02 9.9678038862e-01 6.5001710211e+01
6.3766096834e-01 -7.6856106364e-01 5.1984429441e-02 4.4237633748e+02 7.7019263160e-01 6.3489120909e-01 -6.0962798871e-02 7.5102769477e+03 1.3849176281e-02 7.8911621874e-02 9.9678541133e-01 6.5016559409e+01
6.3747933338e-01 -7.6872375333e-01 5.1806279423e-02 4.4203547115e+02 7.7034880352e-01 6.3475864605e-01 -6.0367062062e-02 7.5105476226e+03 1.3521110742e-02 7.8391659849e-02 9.9683094215e-01 6.5030002572e+01
6.3727447402e-01 -7.6882521424e-01 5.2811312318e-02 4.4169844500e+02 7.7055193757e-01 6.3468856966e-01 -5.8481886603e-02 7.5108231689e+03 1.1443612720e-02 7.7962872557e-02 9.9689058288e-01 6.5031426131e+01
6.3725800651e-01 -7.6873334152e-01 5.4325710083e-02 4.4135942401e+02 7.7059900717e-01 6.3481507593e-01 -5.6453427916e-02 7.5110965219e+03 8.9108525105e-03 7.7838737188e-02 9.9692613954e-01 6.5029893724e+01
6.3738676120e-01 -7.6860280154e-01 5.4661230406e-02 4.4101905303e+02 7.7049756131e-01 6.3496349774e-01 -5.6168180855e-02 7.5113632169e+03 8.4631351133e-03 7.7917199604e-02 9.9692391151e-01 6.5028650395e+01
