1 0 0 0 0 1 0 0 0 0 1 0 
0.999995 -0.00293918 -0.0010908 0.6903 0.00293818 0.999995 -0.0009136 -0.00514874 0.00109348 0.00091039 0.999999 0.0179767 
0.999973 -0.00683155 -0.0025707 1.39399 0.00683099 0.999977 -0.000227865 0.00117831 0.0025722 0.000210298 0.999997 0.0222618 
0.999934 -0.0108101 -0.00379309 2.11333 0.01081 0.999942 -4.66485e-05 0.00387612 0.00379337 5.64201e-06 0.999993 0.0201241 
0.999871 -0.0154435 -0.00433325 2.84211 0.015447 0.99988 0.000774685 0.0173804 0.00432077 -0.000841521 0.99999 0.0262269 
0.999802 -0.019465 -0.00422209 3.57915 0.0194654 0.999811 6.32942e-05 0.0361119 0.00422006 -0.000145467 0.999991 0.0304555 
0.999699 -0.0240705 -0.00472328 4.34282 0.024076 0.99971 0.00110552 0.0643315 0.00469529 -0.00121891 0.999988 0.0386619 
0.99957 -0.0288238 -0.00533066 5.12284 0.0288393 0.99958 0.00285967 0.100551 0.005246 -0.00301217 0.999982 0.0428852 
0.99944 -0.0330479 -0.00519963 5.91692 0.0330723 0.999442 0.00468141 0.136395 0.00504202 -0.00485076 0.999976 0.0473954 
0.9993 -0.037226 -0.00366449 6.70714 0.0372443 0.999293 0.00505673 0.167567 0.00347366 -0.00518967 0.999981 0.0574279 
0.999158 -0.0410098 -0.00156495 7.51438 0.0410172 0.999146 0.00503035 0.194568 0.00135732 -0.0050903 0.999986 0.0674469 
0.999045 -0.0436656 -0.00171239 8.32926 0.0436752 0.999027 0.00607456 0.231838 0.00144547 -0.00614355 0.99998 0.0790581 
0.998937 -0.0460421 -0.00223743 9.15092 0.0460532 0.998925 0.00519261 0.273694 0.00199595 -0.00529013 0.999984 0.0855365 
0.998842 -0.0480558 -0.00221432 9.97662 0.0480622 0.99884 0.00295537 0.307629 0.00206973 -0.00305837 0.999993 0.0878546 
0.998745 -0.05005 -0.00179788 10.8185 0.0500547 0.998743 0.00266771 0.353051 0.0016621 -0.00275436 0.999995 0.0913764 
0.998678 -0.0513871 -0.000903365 11.6883 0.0513877 0.998679 0.000644806 0.399672 0.000869036 -0.000690376 0.999999 0.0975352 
0.998581 -0.0532055 -0.00241365 12.5558 0.0532074 0.998583 0.000721539 0.454012 0.00237185 -0.000848939 0.999997 0.106077 
0.998493 -0.0545994 -0.00551824 13.4237 0.0546153 0.998504 0.00278544 0.502085 0.0053579 -0.00308262 0.999981 0.119721 
0.998427 -0.0556255 -0.00695492 14.2992 0.0556702 0.998429 0.00640572 0.565464 0.00658767 -0.00678283 0.999955 0.128232 
0.998327 -0.0572942 -0.0077485 15.1992 0.0573587 0.998318 0.00837839 0.621037 0.00725544 -0.00880882 0.999935 0.130701 
0.998261 -0.058612 -0.00636372 16.101 0.0586643 0.998243 0.00836056 0.668733 0.00586251 -0.00871934 0.999945 0.137891 
0.998192 -0.0599726 -0.00407385 16.9807 0.060004 0.998165 0.00807203 0.727943 0.00358228 -0.00830188 0.999959 0.155133 
0.998123 -0.0611589 -0.00306919 17.8895 0.0611808 0.998098 0.00763263 0.788455 0.00259655 -0.00780608 0.999966 0.171545 
0.998023 -0.0627301 -0.00390068 18.807 0.0627569 0.998003 0.00717243 0.854116 0.00344296 -0.00740305 0.999967 0.177182 
0.997919 -0.0643045 -0.00482722 19.7322 0.0643371 0.997904 0.00694322 0.91809 0.00437063 -0.00723934 0.999964 0.183929 
0.997932 -0.0641347 -0.00425125 20.6646 0.0641658 0.99791 0.00763146 0.983137 0.00375292 -0.00788847 0.999962 0.193239 
0.997962 -0.0638071 -0.000426288 21.5835 0.0638083 0.997921 0.00911375 1.03865 -0.00015612 -0.00912238 0.999958 0.199029 
0.997969 -0.0636148 0.00337964 22.5162 0.0635804 0.997932 0.00947712 1.09397 -0.00397554 -0.00924299 0.999949 0.199227 
0.99805 -0.0620683 0.00655132 23.4473 0.062005 0.998031 0.00946291 1.14894 -0.00712576 -0.00903824 0.999934 0.19785 
0.998132 -0.0605279 0.00825943 24.3807 0.0604597 0.998136 0.00827152 1.21061 -0.00874469 -0.00775671 0.999932 0.198724 
0.998248 -0.0588272 0.00635532 25.325 0.0587731 0.998236 0.00838931 1.27803 -0.00683763 -0.00800109 0.999945 0.201765 
0.998335 -0.0576501 0.00182822 26.2826 0.0576327 0.998302 0.00842555 1.34802 -0.00231085 -0.00830616 0.999963 0.208299 
0.998396 -0.0565861 -0.00205001 27.2381 0.056602 0.998358 0.00881697 1.41274 0.00154772 -0.00891886 0.999959 0.210441 
0.998426 -0.0560579 -0.00160049 28.2081 0.056068 0.998401 0.00720121 1.47099 0.00119425 -0.00727961 0.999973 0.223549 
0.99846 -0.0554307 0.00228698 29.1969 0.0554204 0.998454 0.00435759 1.52698 -0.00252499 -0.00422413 0.999988 0.226264 
0.998396 -0.0562005 0.00678693 30.1841 0.0561964 0.998419 0.000802886 1.57903 -0.00682133 -0.000420198 0.999977 0.229554 
0.99831 -0.0575406 0.0081681 31.1564 0.0575963 0.998317 -0.0067462 1.62586 -0.00776617 0.00720524 0.999944 0.234493 
0.998255 -0.0588198 0.00519514 32.1388 0.0588767 0.998198 -0.0115738 1.67229 -0.00450501 0.0118595 0.99992 0.236515 
0.998172 -0.0604102 0.00188823 33.1114 0.0604264 0.998121 -0.0101773 1.73059 -0.00126987 0.0102728 0.999946 0.243715 
0.998064 -0.0621897 -0.00041637 34.0983 0.0621843 0.998032 -0.00810161 1.80396 0.000919387 0.00806003 0.999967 0.242926 
0.998007 -0.0631048 0.000394037 35.1156 0.0631059 0.997973 -0.00816928 1.86215 0.000122282 0.00817786 0.999967 0.254763 
0.997911 -0.06453 0.00310726 36.1249 0.0645475 0.997897 -0.00591647 1.93313 -0.00271893 0.00610467 0.999978 0.253725 
0.997849 -0.0653541 0.00520258 37.1341 0.065379 0.997849 -0.00475574 2.00885 -0.00488058 0.00508565 0.999975 0.262191 
0.997764 -0.0664676 0.00702284 38.1349 0.0664871 0.997784 -0.0025787 2.07937 -0.00683588 0.00303986 0.999972 0.266878 
0.997748 -0.0662629 0.010354 39.1366 0.0662999 0.997794 -0.00327733 2.14536 -0.010114 0.00395642 0.999941 0.277613 
0.997719 -0.0661868 0.0133076 40.1367 0.0662302 0.9978 -0.00284676 2.2248 -0.0130899 0.00372163 0.999907 0.264515 
0.997703 -0.0663921 0.0134583 41.1478 0.0664155 0.997791 -0.00129783 2.29792 -0.0133424 0.00218869 0.999909 0.261259 
0.997698 -0.0667643 0.0118657 42.1359 0.0667696 0.997768 -5.1162e-05 2.36281 -0.0118358 0.000843315 0.99993 0.268333 
0.997762 -0.0662307 0.0092179 43.1384 0.0662079 0.997802 0.00275664 2.43385 -0.00938021 -0.00214017 0.999954 0.270985 
0.997707 -0.0671949 0.0080584 44.1156 0.0671741 0.997737 0.00281636 2.50591 -0.00822941 -0.00226858 0.999964 0.268168 
0.997604 -0.068546 0.00941229 45.0943 0.068539 0.997648 0.00106477 2.57765 -0.00946313 -0.000417107 0.999955 0.264612 
0.997528 -0.069426 0.010887 46.0844 0.0694199 0.997587 0.000934586 2.64977 -0.0109256 -0.000176499 0.99994 0.264982 
0.997528 -0.0696544 0.0092395 47.0593 0.0696501 0.997571 0.000796381 2.71663 -0.00927253 -0.000150881 0.999957 0.270272 
0.997534 -0.0699587 0.0057096 48.0427 0.0699378 0.997544 0.00379519 2.79561 -0.00596108 -0.00338651 0.999976 0.27481 
0.997511 -0.0704551 0.00263031 49.0204 0.070442 0.997504 0.00476803 2.86962 -0.00295968 -0.00457088 0.999985 0.277204 
0.997484 -0.0707409 0.00456582 49.9947 0.0707177 0.997484 0.00505134 2.93438 -0.00491166 -0.00471575 0.999977 0.272828 
0.997427 -0.0711242 0.00903113 50.9813 0.0710849 0.99746 0.00460533 2.99491 -0.00933574 -0.00395151 0.999949 0.282808 
0.997399 -0.0712755 0.0106826 51.9438 0.0712394 0.997452 0.00372228 3.06941 -0.0109207 -0.00295157 0.999936 0.289005 
0.997426 -0.0709789 0.0101725 52.9077 0.0709887 0.997477 -0.000608178 3.1334 -0.0101036 0.00132874 0.999948 0.287971 
0.997409 -0.071346 0.00920565 53.8684 0.0713818 0.997443 -0.0036169 3.21147 -0.00892406 0.00426464 0.999951 0.300854 
0.997289 -0.0728693 0.01025 54.8218 0.0729182 0.997328 -0.00448466 3.28042 -0.00989581 0.00521992 0.999937 0.299921 
0.997183 -0.0736648 0.0141393 55.7672 0.0737563 0.997258 -0.00606084 3.34255 -0.013654 0.00708663 0.999882 0.295313 
0.997038 -0.0746122 0.0186552 56.7113 0.0747716 0.997169 -0.00799381 3.406 -0.0180059 0.00936501 0.999794 0.299519 
0.996951 -0.0750941 0.0211981 57.6551 0.0752727 0.997133 -0.00775429 3.48282 -0.020555 0.00932629 0.999745 0.292945 
0.996972 -0.0752173 0.0197042 58.5986 0.0753854 0.997123 -0.00793003 3.55965 -0.019051 0.00939143 0.999774 0.279288 
0.996995 -0.0763586 0.0130778 59.5212 0.0764448 0.997054 -0.00622442 3.63477 -0.012564 0.00720544 0.999895 0.278871 
0.996969 -0.0775488 0.00618392 60.4459 0.0775771 0.996976 -0.00446757 3.71153 -0.00581877 0.00493376 0.999971 0.28242 
0.996974 -0.0775695 0.00505041 61.3563 0.0775623 0.996986 0.00159585 3.7965 -0.00515898 -0.0011993 0.999986 0.28173 
0.996848 -0.0790687 0.00655687 62.255 0.0790249 0.99685 0.00669342 3.87702 -0.00706546 -0.00615416 0.999956 0.287018 
0.996714 -0.0805808 0.00822889 63.1425 0.0805065 0.996714 0.0089904 3.95755 -0.0089263 -0.00829838 0.999926 0.29644 
0.996652 -0.0811985 0.00957171 64.0087 0.0811105 0.996662 0.00924976 4.03507 -0.0102908 -0.00844243 0.999911 0.308408 
0.996502 -0.0829193 0.0104248 64.8624 0.0828242 0.996521 0.00924166 4.10243 -0.0111548 -0.0083459 0.999903 0.305658 
0.996399 -0.0841369 0.010513 65.7081 0.0840429 0.996421 0.00908778 4.18384 -0.01124 -0.00817151 0.999903 0.307984 
0.996294 -0.0853324 0.0108433 66.5391 0.0852437 0.996325 0.00839986 4.25349 -0.0115202 -0.0074444 0.999906 0.310072 
0.99617 -0.0865953 0.0120726 67.3517 0.086475 0.996202 0.0101558 4.32517 -0.0129062 -0.00907297 0.999876 0.318835 
0.996018 -0.0880835 0.0137313 68.1517 0.0879132 0.996049 0.0125528 4.40741 -0.0147827 -0.0112956 0.999827 0.320336 
0.995835 -0.0896443 0.0166077 68.9393 0.089409 0.995891 0.0144084 4.48617 -0.0178311 -0.0128635 0.999758 0.308292 
0.995628 -0.0912823 0.0198127 69.7119 0.0909702 0.995723 0.0161187 4.55265 -0.0211993 -0.0142458 0.999674 0.302518 
0.995562 -0.0923695 0.0180113 70.4701 0.0920407 0.995587 0.018303 4.63265 -0.0196225 -0.016564 0.99967 0.307178 
0.995523 -0.0938938 0.0108612 71.2092 0.0936594 0.995396 0.0203777 4.70853 -0.0127245 -0.0192693 0.999733 0.306744 
0.995475 -0.0949664 0.00337245 71.9145 0.0948795 0.995283 0.0202403 4.77676 -0.0052787 -0.0198288 0.999789 0.314155 
0.995418 -0.0956213 0.000471735 72.6 0.0955905 0.9952 0.0209746 4.85116 -0.00247509 -0.0208334 0.99978 0.314706 
0.995362 -0.0961469 0.00331906 73.2767 0.096049 0.995123 0.0224634 4.92675 -0.00546266 -0.0220404 0.999742 0.320622 
0.995229 -0.0973377 0.00671617 73.9284 0.0971745 0.995037 0.0214071 5.0052 -0.00876656 -0.0206523 0.999748 0.325124 
0.995117 -0.09853 0.00588509 74.5647 0.0984108 0.994984 0.0179345 5.06779 -0.00762266 -0.0172677 0.999822 0.332644 
0.995127 -0.0985879 0.0014423 75.1734 0.0985603 0.995043 0.0132469 5.11883 -0.00274114 -0.0130402 0.999911 0.347973 
0.995201 -0.0977757 -0.00386606 75.7696 0.0978054 0.99517 0.00843546 5.16422 0.0030226 -0.0087731 0.999957 0.362376 
0.995426 -0.0953804 -0.00549753 76.3486 0.0954293 0.995391 0.00944152 5.23243 0.00457165 -0.00992295 0.99994 0.364869 
0.995806 -0.0913987 -0.00408663 76.9331 0.0914479 0.995709 0.0141651 5.30161 0.00277442 -0.0144794 0.999891 0.359799 
0.996204 -0.087042 -0.000631212 77.5006 0.0870408 0.996075 0.0160924 5.36111 -0.000771979 -0.0160862 0.99987 0.376572 
0.996641 -0.0817797 0.00434258 78.0283 0.0817063 0.996544 0.0150008 5.40214 -0.00555434 -0.0145956 0.999878 0.388733 
0.997219 -0.0739689 0.00914894 78.5414 0.0738977 0.997235 0.00789115 5.4262 -0.00970734 -0.00719312 0.999927 0.395745 
0.997907 -0.0638127 0.0105063 79.0571 0.0637503 0.997947 0.00617705 5.46763 -0.0108789 -0.00549434 0.999926 0.40308 
0.99875 -0.0489581 0.0100844 79.5586 0.0488344 0.998733 0.0121719 5.50718 -0.0106675 -0.0116642 0.999875 0.405457 
0.999503 -0.030114 0.00932467 80.0599 0.0299197 0.999346 0.0203179 5.52598 -0.00993043 -0.0200288 0.99975 0.400531 
0.999925 -0.00821263 0.00907367 80.5381 0.00801664 0.999738 0.0214294 5.52354 -0.00924729 -0.0213551 0.999729 0.402213 
0.99978 0.0177721 0.0111374 80.9932 -0.0179492 0.999711 0.0160085 5.49281 -0.0108497 -0.0162049 0.99981 0.411593 
0.998812 0.0468362 0.0134496 81.4466 -0.047007 0.998814 0.0126757 5.45933 -0.0128399 -0.0132929 0.999829 0.422805 
0.996694 0.0797937 0.0153049 81.8926 -0.0799868 0.996718 0.0124543 5.40544 -0.0142609 -0.0136373 0.999805 0.422948 
0.993011 0.116832 0.0167345 82.3394 -0.117055 0.99304 0.0130357 5.33893 -0.015095 -0.0149035 0.999775 0.414908 
0.987335 0.157601 0.0182293 82.771 -0.157866 0.987359 0.0141345 5.26217 -0.0157712 -0.0168332 0.999734 0.415831 
0.978906 0.203473 0.0184627 83.1857 -0.203762 0.9789 0.0153817 5.15759 -0.0149434 -0.0188192 0.999711 0.425076 
0.967322 0.252907 0.0180569 83.6041 -0.25319 0.967291 0.0155638 5.03522 -0.0135301 -0.019627 0.999716 0.42157 
0.952318 0.304619 0.0172433 83.9888 -0.304896 0.952241 0.0166287 4.89069 -0.0113543 -0.0210932 0.999713 0.424476 
0.932935 0.359709 0.0155746 84.373 -0.359957 0.932792 0.0181463 4.72894 -0.00800048 -0.0225355 0.999714 0.425314 
0.908913 0.416739 0.0143821 84.7331 -0.416951 0.908745 0.0182617 4.53717 -0.00545931 -0.022595 0.99973 0.42584 
0.880334 0.474157 0.013675 85.078 -0.474341 0.880157 0.0179867 4.3344 -0.00350764 -0.0223209 0.999745 0.41645 
0.847043 0.531378 0.0124362 85.4055 -0.531522 0.846871 0.0171573 4.08446 -0.00141481 -0.0211431 0.999775 0.420789 
0.810303 0.585903 0.0112694 85.6854 -0.586011 0.810141 0.0161967 3.83508 0.000359874 -0.0197282 0.999805 0.429765 
0.770338 0.637544 0.0108592 85.9716 -0.637635 0.770196 0.0147895 3.56218 0.00106523 -0.0183171 0.999832 0.441615 
0.727498 0.685981 0.0132642 86.2235 -0.686109 0.727375 0.013411 3.29459 -0.000448329 -0.0188572 0.999822 0.440928 
0.68218 0.73102 0.0154899 86.4557 -0.731183 0.682053 0.0131967 2.99888 -0.000917899 -0.0203285 0.999793 0.439338 
0.635698 0.771795 0.0148465 86.6893 -0.771938 0.635592 0.0115797 2.68235 -0.000499156 -0.0188218 0.999823 0.444143 
0.588695 0.808275 0.0114127 86.8787 -0.808356 0.588633 0.00849402 2.35984 0.000147601 -0.0142259 0.999899 0.463738 
0.541473 0.840662 0.00968179 87.057 -0.840717 0.541425 0.00731986 2.03327 0.000911576 -0.0121032 0.999926 0.465569 
0.49464 0.869027 0.0111033 87.2241 -0.869093 0.494555 0.00960128 1.70996 0.00285257 -0.014399 0.999892 0.464095 
0.449209 0.89334 0.0124865 87.3732 -0.893413 0.449081 0.0117934 1.37049 0.00492807 -0.0164533 0.999852 0.470807 
0.405874 0.913876 0.00985136 87.5036 -0.913908 0.405767 0.0112144 1.02193 0.0062512 -0.0135549 0.999889 0.470052 
0.366107 0.930572 0.00102558 87.5959 -0.930564 0.366099 0.00481873 0.669205 0.00410871 -0.00271854 0.999988 0.48887 
0.330773 0.943692 -0.00582328 87.6841 -0.943709 0.330776 -0.000406443 0.310483 0.00154264 0.00562992 0.999983 0.488233 
0.296633 0.954963 -0.0074492 87.7912 -0.954989 0.296642 0.000128278 -0.0496817 0.00233224 0.00707585 0.999972 0.493379 
0.26553 0.964102 0.00123317 87.8931 -0.964078 0.265514 0.0074288 -0.419527 0.00683469 -0.00316144 0.999972 0.486871 
0.23713 0.971428 0.00985271 87.9883 -0.971411 0.236983 0.0141612 -0.802394 0.0114216 -0.0129291 0.999851 0.497799 
0.211141 0.977392 0.0111604 88.0741 -0.977352 0.210939 0.0169475 -1.18483 0.0142102 -0.0144859 0.999794 0.513361 
0.188292 0.982098 0.0053801 88.1354 -0.98199 0.188179 0.0168862 -1.57777 0.0155715 -0.00846275 0.999843 0.527552 
0.167176 0.98592 -0.00370992 88.1928 -0.985705 0.167217 0.0205839 -1.98924 0.0209145 0.000215755 0.999781 0.531323 
0.148147 0.988921 -0.00932964 88.2435 -0.988529 0.148355 0.0283161 -2.41257 0.0293865 0.00502767 0.999555 0.521433 
0.130132 0.991466 -0.00774477 88.2955 -0.990986 0.130312 0.0310772 -2.85309 0.0318212 0.00363082 0.999487 0.529411 
0.114118 0.99346 -0.00372675 88.3515 -0.993047 0.114178 0.028653 -3.29483 0.0288912 0.000431023 0.999582 0.547395 
0.100149 0.994971 -0.00165501 88.3921 -0.994694 0.10016 0.0234755 -3.75966 0.0235232 -0.000704807 0.999723 0.567233 
0.0872281 0.996186 -0.00207298 88.4273 -0.995984 0.0872522 0.0200501 -4.24994 0.0201545 0.000315722 0.999797 0.585859 
0.07559 0.997126 -0.00515398 88.4642 -0.996953 0.0756747 0.0188984 -4.75503 0.0192341 0.00370975 0.999808 0.59699 
0.0651476 0.997827 -0.00982242 88.4895 -0.997679 0.0653271 0.0192094 -5.2566 0.0198094 0.00854818 0.999767 0.611233 
0.0562278 0.998361 -0.0106767 88.517 -0.998209 0.0564316 0.0198543 -5.77365 0.0204243 0.00954123 0.999746 0.623145 
0.0502796 0.998661 -0.0121504 88.5496 -0.99852 0.0505175 0.020138 -6.31384 0.0207249 0.0111199 0.999723 0.637103 
0.0454229 0.998877 -0.0134443 88.5707 -0.998738 0.0456971 0.020844 -6.86809 0.021435 0.0124806 0.999692 0.654616 
0.0396172 0.999108 -0.0145974 88.5959 -0.99896 0.039933 0.022014 -7.45547 0.0225773 0.0137101 0.999651 0.668344 
0.0352775 0.99926 -0.0153225 88.6202 -0.999116 0.035615 0.0223431 -8.05798 0.0228722 0.0145208 0.999633 0.680286 
0.0323734 0.999341 -0.0163876 88.6369 -0.99922 0.0327315 0.0220806 -8.68453 0.0226025 0.01566 0.999622 0.701525 
0.0293314 0.999428 -0.0168309 88.6561 -0.999326 0.0296918 0.0215793 -9.31688 0.0220667 0.0161866 0.999625 0.721692 
0.0270167 0.999465 -0.0184493 88.6813 -0.9994 0.0274059 0.021179 -9.9652 0.0216733 0.0178661 0.999605 0.730633 
0.0267178 0.999411 -0.0215522 88.6909 -0.999407 0.0271734 0.0211317 -10.6383 0.0217049 0.0209748 0.999544 0.746779 
0.0271002 0.999337 -0.0243115 88.7022 -0.999405 0.0276055 0.0206928 -11.3299 0.0213502 0.0237363 0.99949 0.765568 
0.0291248 0.99919 -0.0277594 88.7125 -0.999353 0.0296935 0.0203 -12.0331 0.0211078 0.0271502 0.999408 0.779435 
0.0329157 0.999016 -0.0297178 88.7376 -0.999236 0.0335206 0.02009 -12.7486 0.0210664 0.0290338 0.999356 0.79569 
0.0371679 0.998819 -0.0312984 88.7737 -0.999087 0.0378013 0.0198934 -13.4995 0.021053 0.0305305 0.999312 0.811216 
0.041251 0.998609 -0.0328404 88.8001 -0.99894 0.0418917 0.0190649 -14.2715 0.0204141 0.0320191 0.999279 0.829901 
0.0452924 0.998475 -0.0315594 88.8331 -0.998788 0.0458699 0.0178202 -15.0394 0.0192407 0.030714 0.999343 0.850561 
0.0492092 0.998336 -0.0300572 88.8749 -0.99864 0.0496982 0.015745 -15.8367 0.0172126 0.0292415 0.999424 0.866765 
0.0536799 0.998149 -0.0285899 88.9231 -0.998442 0.0540891 0.0137351 -16.6348 0.015256 0.0278081 0.999497 0.883879 
0.057088 0.998021 -0.0263493 88.9672 -0.998246 0.0574761 0.014211 -17.4298 0.0156973 0.0254918 0.999552 0.900229 
0.0603277 0.997874 -0.0246613 89.0217 -0.998016 0.0607451 0.0165377 -18.2335 0.0180006 0.0236147 0.999559 0.922545 
0.0622737 0.997856 -0.0201295 89.0963 -0.997791 0.0627119 0.0219249 -19.0443 0.0231402 0.0187197 0.999557 0.941848 
0.0621236 0.997944 -0.0157716 89.1574 -0.997697 0.0625238 0.0262918 -19.8681 0.0272239 0.0141019 0.99953 0.971839 
0.0623993 0.997952 -0.0140513 89.2178 -0.997661 0.0627623 0.027078 -20.7053 0.0279044 0.0123288 0.999535 0.996189 
0.0621781 0.997973 -0.0135391 89.2692 -0.997695 0.0625187 0.0263872 -21.5401 0.0271802 0.0118672 0.99956 1.02006 
0.0625143 0.997955 -0.0133394 89.3213 -0.997727 0.0628259 0.0243778 -22.364 0.025166 0.0117851 0.999614 1.05297 
0.062554 0.997976 -0.0114025 89.385 -0.997764 0.0628019 0.0228605 -23.1791 0.0235303 0.00994701 0.999674 1.08578 
0.0629475 0.997984 -0.00814486 89.4457 -0.997757 0.0631151 0.0222886 -23.9886 0.0227577 0.00672358 0.999718 1.11058 
0.0631064 0.997981 -0.00717698 89.5056 -0.997725 0.0632579 0.0233227 -24.7999 0.0237296 0.00568884 0.999702 1.13452 
0.0622162 0.998052 -0.00456851 89.5657 -0.997765 0.0623087 0.0241197 -25.6145 0.0243574 0.00305767 0.999699 1.16573 
0.0598712 0.998206 -0.000982226 89.6302 -0.997905 0.0598773 0.0245175 -26.4409 0.0245324 -0.000487728 0.999699 1.19577 
0.0563278 0.998412 0.000847128 89.6786 -0.99815 0.0562936 0.0229543 -27.2567 0.0228701 -0.00213853 0.999736 1.21777 
0.0526831 0.998611 0.000575294 89.7313 -0.998397 0.0526598 0.0207374 -28.0685 0.0206783 -0.00166688 0.999785 1.24006 
0.0471004 0.998888 0.00228427 89.7866 -0.998731 0.0470519 0.0179634 -28.8829 0.017836 -0.00312745 0.999836 1.26523 
0.039796 0.9992 0.0039451 89.8303 -0.999062 0.0397224 0.0172459 -29.7019 0.0170754 -0.00462771 0.999843 1.29584 
0.0316944 0.999489 0.00425037 89.8655 -0.999345 0.031615 0.0176082 -30.5203 0.0174648 -0.00480567 0.999836 1.32124 
0.021237 0.999766 0.00416109 89.885 -0.999594 0.0211538 0.0190956 -31.3292 0.0190031 -0.00456494 0.999809 1.3398 
0.0104026 0.99994 0.00356729 89.8865 -0.99977 0.0103338 0.0187754 -32.1178 0.0187374 -0.00376179 0.999817 1.36489 
-0.000112989 0.999993 0.00379111 89.8938 -0.999843 -0.000180222 0.0177388 -32.924 0.0177393 -0.00378851 0.999835 1.39123 
-0.0107666 0.999938 0.00296849 89.8929 -0.999805 -0.0108143 0.0165342 -33.7167 0.0165653 -0.0027899 0.999859 1.41868 
-0.0226643 0.999731 0.004912 89.8699 -0.999606 -0.0227424 0.0164724 -34.5091 0.0165797 -0.00453673 0.999852 1.44421 
-0.0338636 0.999411 0.00549443 89.8609 -0.999277 -0.0339531 0.0171068 -35.2813 0.0172833 -0.00491116 0.999839 1.4666 
-0.0442145 0.999012 0.00446025 89.8248 -0.998853 -0.0442886 0.0181737 -36.0504 0.0183533 -0.0036516 0.999825 1.49317 
-0.0538359 0.998535 0.00535568 89.7922 -0.998373 -0.0539265 0.018535 -36.814 0.0187966 -0.00434912 0.999814 1.52211 
-0.0634681 0.997958 0.00724613 89.7536 -0.997801 -0.0635939 0.018707 -37.5848 0.0191296 -0.00604289 0.999799 1.54739 
-0.0732149 0.997299 0.00578967 89.6948 -0.997121 -0.0733142 0.0193737 -38.3385 0.0197459 -0.00435455 0.999796 1.57768 
-0.0824054 0.996581 0.0059755 89.6345 -0.996393 -0.0825088 0.0198445 -39.0743 0.0202697 -0.00431865 0.999785 1.59885 
-0.0907669 0.995864 0.00390827 89.5748 -0.99567 -0.0908268 0.0197746 -39.8149 0.0200478 -0.00209647 0.999797 1.62071 
-0.0978237 0.995202 0.00174317 89.5041 -0.99502 -0.0978392 0.0190587 -40.5317 0.0191378 0.00012991 0.999817 1.64629 
-0.104424 0.994532 -0.00121139 89.4246 -0.994385 -0.104388 0.0173503 -41.2309 0.017129 0.00301639 0.999849 1.67124 
-0.109504 0.993981 -0.00326666 89.3463 -0.993874 -0.109441 0.0153659 -41.9526 0.0149159 0.00492927 0.999877 1.69754 
-0.111576 0.993739 -0.00571314 89.2689 -0.993673 -0.111491 0.0135298 -42.6605 0.0128081 0.00718659 0.999892 1.71545 
-0.112766 0.993587 -0.00834337 89.1913 -0.993548 -0.112651 0.0130908 -43.3604 0.0120669 0.00976573 0.99988 1.74235 
-0.113375 0.993522 -0.00780299 89.1252 -0.993478 -0.113267 0.013088 -44.0388 0.0121194 0.00923596 0.999884 1.75878 
-0.112632 0.993607 -0.00773024 89.0444 -0.993549 -0.112515 0.0141855 -44.692 0.0132251 0.00927811 0.999869 1.77618 
-0.110313 0.993859 -0.00870766 88.9698 -0.99379 -0.110169 0.0156426 -45.3268 0.0145872 0.0103792 0.99984 1.80164 
-0.105475 0.994388 -0.00820924 88.8996 -0.994299 -0.105328 0.0166166 -45.9483 0.0156587 0.00991507 0.999828 1.81731 
-0.0983993 0.995102 -0.00949199 88.8412 -0.995016 -0.0982274 0.0171405 -46.5544 0.0161241 0.0111313 0.999808 1.83438 
-0.0872223 0.996165 -0.00690667 88.7905 -0.99606 -0.0870972 0.0167101 -47.1412 0.0160445 0.00833695 0.999837 1.85185 
-0.0737653 0.99726 -0.00556182 88.7573 -0.997142 -0.0736631 0.0167633 -47.7116 0.0163077 0.00678247 0.999844 1.87195 
-0.05728 0.998346 -0.00496581 88.7477 -0.998196 -0.0571803 0.0183137 -48.2562 0.0179994 0.00600585 0.99982 1.88734 
-0.0366875 0.999316 -0.00468775 88.7369 -0.999111 -0.0365817 0.0209553 -48.7972 0.0207695 0.00545238 0.999769 1.90305 
-0.0130837 0.999904 -0.00452334 88.742 -0.999645 -0.0129751 0.02325 -49.3259 0.0231891 0.00482594 0.999719 1.91828 
0.0152913 0.99988 -0.00236089 88.7646 -0.999548 0.0153473 0.0258691 -49.8319 0.0259023 0.00196425 0.999663 1.93976 
0.0484712 0.998825 0.000225267 88.8137 -0.998469 0.0484479 0.0266839 -50.3412 0.0266417 -0.00151832 0.999644 1.95959 
0.0852765 0.996357 0.00119448 88.8697 -0.996012 0.0852154 0.0264236 -50.8688 0.0262255 -0.00344303 0.99965 1.97511 
0.126779 0.991927 0.00278912 88.9527 -0.991668 0.12668 0.0233748 -51.3837 0.0228328 -0.00572931 0.999723 1.98519 
0.172233 0.985044 0.00491075 89.0681 -0.984892 0.172111 0.0191282 -51.8818 0.0179969 -0.00813106 0.999805 1.99558 
0.220704 0.975296 0.00932773 89.1873 -0.975264 0.220556 0.0146455 -52.3775 0.0122264 -0.0123293 0.999849 2.01763 
0.271272 0.962434 0.0115076 89.3421 -0.962456 0.271122 0.0130635 -52.8498 0.00945277 -0.0146193 0.999848 2.03702 
0.325393 0.945513 0.0111361 89.5371 -0.945537 0.325246 0.0131915 -53.3145 0.00885078 -0.014822 0.999851 2.04097 
0.382089 0.924086 0.00854149 89.7632 -0.924079 0.38196 0.0135996 -53.7572 0.00930465 -0.0130892 0.999871 2.05542 
0.441705 0.897154 0.00348809 89.9921 -0.897068 0.4416 0.0161065 -54.1769 0.0129097 -0.0102434 0.999864 2.06887 
0.501784 0.864991 -0.00172657 90.2527 -0.8648 0.501713 0.0201158 -54.588 0.0182662 -0.00860062 0.999796 2.0882 
0.56013 0.828392 -0.00459129 90.5258 -0.828089 0.56006 0.0245261 -54.9476 0.0228886 -0.00993577 0.999689 2.09546 
0.616084 0.787658 -0.00594143 90.8391 -0.787262 0.615985 0.0279664 -55.3 0.0256878 -0.0125522 0.999591 2.10587 
0.669035 0.743204 -0.0064094 91.1775 -0.742758 0.668892 0.0298956 -55.6375 0.0265057 -0.0152405 0.999532 2.11009 
0.718526 0.695448 -0.00851678 91.5083 -0.694989 0.718413 0.0295381 -55.938 0.0266608 -0.0153048 0.999527 2.12885 
0.764455 0.644643 -0.0066443 91.8879 -0.644309 0.764326 0.0259162 -56.2223 0.0217851 -0.0155308 0.999642 2.14844 
0.80632 0.591471 -0.00313309 92.2835 -0.591289 0.806184 0.0211073 -56.4814 0.0150102 -0.0151667 0.999772 2.16021 
0.843294 0.537451 0.00163657 92.6835 -0.537394 0.843152 0.0173853 -56.7088 0.00796387 -0.0155404 0.999848 2.17363 
0.875208 0.483668 0.00876093 93.1162 -0.483747 0.87508 0.014991 -56.9167 -0.000415835 -0.0173583 0.999849 2.16696 
0.901501 0.432562 0.0136062 93.5562 -0.43274 0.901387 0.0154208 -57.1005 -0.00559396 -0.0197898 0.999789 2.17928 
0.92267 0.385211 0.0170991 93.9908 -0.385475 0.92257 0.0165518 -57.2588 -0.00939919 -0.0218632 0.999717 2.19688 
0.939079 0.3431 0.020336 94.4343 -0.343485 0.938943 0.0200932 -57.3974 -0.0122003 -0.0258542 0.999591 2.19723 
0.951105 0.308137 0.0212299 94.897 -0.308637 0.950803 0.0267812 -57.5245 -0.0119332 -0.0320241 0.999416 2.18439 
0.960661 0.277004 0.0200006 95.3688 -0.277512 0.960251 0.0300916 -57.6503 -0.0108701 -0.0344582 0.999347 2.16593 
0.967272 0.253054 0.0186714 95.8479 -0.253508 0.966919 0.028309 -57.7768 -0.01089 -0.0321159 0.999425 2.16138 
0.971506 0.236375 0.0174189 96.3217 -0.236746 0.971281 0.0237711 -57.8932 -0.0112998 -0.0272176 0.999566 2.16694 
0.974215 0.224975 0.0170781 96.8144 -0.225322 0.97403 0.0222785 -57.99 -0.0116225 -0.0255521 0.999606 2.1743 
0.975992 0.217102 0.0175237 97.3186 -0.217522 0.975672 0.0273698 -58.0741 -0.0111553 -0.0305245 0.999472 2.17119 
0.977329 0.210943 0.0181794 97.8402 -0.211473 0.976747 0.0352678 -58.1655 -0.0103172 -0.0383127 0.999213 2.16396 
0.977825 0.208808 0.0160719 98.3699 -0.209308 0.976965 0.0415969 -58.2645 -0.00701593 -0.0440385 0.999005 2.16078 
0.977939 0.208451 0.0135473 98.8941 -0.208852 0.97695 0.0441548 -58.3686 -0.00403092 -0.0460101 0.998933 2.1642 
0.977662 0.209961 0.00966581 99.4178 -0.210183 0.976746 0.0423167 -58.4899 -0.000556195 -0.043403 0.999057 2.16698 
0.976736 0.214405 0.00407702 99.9671 -0.214388 0.975876 0.041286 -58.6094 0.00487327 -0.0411996 0.999139 2.16897 
0.975767 0.218811 -0.00111159 100.545 -0.218579 0.974941 0.0413907 -58.7299 0.0101405 -0.0401447 0.999142 2.17487 
0.974751 0.223297 -0.000231528 101.122 -0.223059 0.97376 0.0451298 -58.8541 0.0103028 -0.0439386 0.998981 2.17488 
0.973619 0.228144 0.00416573 101.71 -0.228072 0.972419 0.048825 -58.988 0.00708828 -0.048487 0.998799 2.17111 
0.972647 0.232159 0.00776031 102.314 -0.232265 0.971524 0.0468459 -59.1255 0.00333639 -0.0473669 0.998872 2.18309 
0.9716 0.236301 0.012469 102.922 -0.236619 0.970705 0.0417482 -59.271 -0.00223857 -0.043513 0.99905 2.18874 
0.970554 0.24016 0.0186666 103.552 -0.240714 0.969861 0.0377759 -59.4319 -0.00903174 -0.0411569 0.999112 2.19779 
0.969807 0.243045 0.020107 104.187 -0.243604 0.969315 0.0329349 -59.5994 -0.0114854 -0.0368386 0.999255 2.19771 
0.969476 0.244642 0.0163151 104.827 -0.245042 0.969038 0.0303436 -59.7603 -0.00838665 -0.0334153 0.999406 2.1874 
0.969688 0.244144 0.00998392 105.476 -0.244338 0.969205 0.0306768 -59.9274 -0.00218691 -0.0321864 0.999479 2.18965 
0.970023 0.243002 0.00225994 106.129 -0.242939 0.969459 0.0336088 -60.0934 0.00597609 -0.0331503 0.999433 2.19215 
0.970483 0.241163 -0.00157146 106.802 -0.240943 0.96984 0.0368344 -60.2462 0.0104071 -0.0353685 0.99932 2.19605 
0.971001 0.239072 0.0009347 107.503 -0.238925 0.970253 0.0390329 -60.406 0.00842478 -0.0381243 0.999237 2.18451 
0.971509 0.236888 0.00735303 108.212 -0.236997 0.970808 0.0369343 -60.5812 0.00161092 -0.0376247 0.999291 2.18576 
0.971892 0.235048 0.0133359 108.946 -0.235369 0.971344 0.0330598 -60.765 -0.00518309 -0.0352694 0.999364 2.1959 
0.972392 0.232811 0.015876 109.671 -0.233229 0.971839 0.0336725 -60.9353 -0.00758959 -0.0364456 0.999307 2.21441 
0.972941 0.230692 0.0129431 110.39 -0.231029 0.972135 0.0397448 -61.0871 -0.00341364 -0.0416595 0.999126 2.21126 
0.973743 0.227504 0.00817908 111.129 -0.227641 0.972741 0.0442163 -61.2489 0.00210325 -0.0449172 0.998989 2.20813 
0.974678 0.22356 0.00483965 111.891 -0.223535 0.97354 0.0474576 -61.4175 0.00589803 -0.0473377 0.998862 2.20278 
0.975424 0.220287 0.00461504 112.674 -0.220272 0.974431 0.0443274 -61.6004 0.00526772 -0.0442546 0.999006 2.2039 
0.976306 0.216334 0.00511169 113.467 -0.216364 0.975501 0.0397989 -61.7734 0.00362341 -0.0399619 0.999195 2.22183 
0.976791 0.214063 0.00752718 114.261 -0.214195 0.976126 0.0360285 -61.9456 0.000364897 -0.0368046 0.999322 2.23149 
0.977027 0.21286 0.0104239 115.046 -0.213096 0.976419 0.0345817 -62.1139 -0.00281708 -0.0360086 0.999348 2.23172 
0.977175 0.212145 0.0111068 115.853 -0.21239 0.976714 0.0303343 -62.29 -0.00441292 -0.0320009 0.999478 2.239 
0.977193 0.212001 0.0121829 116.665 -0.212271 0.97679 0.0286852 -62.4589 -0.00581883 -0.0306171 0.999514 2.23829 
0.977156 0.212144 0.0126634 117.479 -0.212447 0.976658 0.0317081 -62.6231 -0.00564113 -0.033674 0.999417 2.24129 
0.977003 0.212951 0.0108576 118.297 -0.213207 0.976343 0.0360186 -62.792 -0.00293055 -0.0375052 0.999292 2.24335 
0.976895 0.213469 0.0103849 119.119 -0.213721 0.975849 0.0451953 -62.9595 -0.000486321 -0.0463705 0.998924 2.2464 
0.976499 0.215196 0.0118839 119.946 -0.215524 0.974962 0.0547525 -63.1263 0.000196175 -0.056027 0.998429 2.25243 
0.975762 0.218374 0.0141782 120.789 -0.218831 0.974033 0.0580771 -63.2956 -0.00112754 -0.0597721 0.998211 2.25884 
0.975056 0.221457 0.0149311 121.621 -0.221954 0.973309 0.0583588 -63.4784 -0.00160857 -0.0602171 0.998184 2.26296 
0.974576 0.223644 0.0136291 122.448 -0.224059 0.972782 0.0591014 -63.6531 -4.04233e-05 -0.0606525 0.998159 2.25811 
0.974343 0.224726 0.0124304 123.293 -0.225069 0.97273 0.0560456 -63.8517 0.000503482 -0.0574053 0.998351 2.26955 
0.974268 0.225158 0.0103023 124.129 -0.225391 0.973011 0.0494914 -64.0527 0.00111914 -0.0505399 0.998721 2.28083 
0.974121 0.225843 0.00915216 124.963 -0.226028 0.973208 0.0421708 -64.2468 0.000617021 -0.043148 0.999068 2.29886 
0.973777 0.227257 0.0106232 125.807 -0.227502 0.97295 0.040137 -64.4366 -0.00121439 -0.0415013 0.999138 2.30342 
0.973533 0.227942 0.016635 126.658 -0.228465 0.972559 0.0439626 -64.6277 -0.00615757 -0.0465995 0.998895 2.30011 
0.973268 0.228517 0.0229902 127.514 -0.22939 0.972145 0.0481067 -64.8173 -0.0113566 -0.0520945 0.998578 2.28901 
0.973004 0.229796 0.0213994 128.349 -0.230608 0.97173 0.0505994 -64.9954 -0.00916695 -0.0541683 0.99849 2.29759 
0.97292 0.230927 0.00993472 129.154 -0.231134 0.971666 0.0494157 -65.1847 0.00175818 -0.0503738 0.998729 2.31753 
0.972978 0.230855 -0.0045324 129.948 -0.230395 0.971964 0.0469515 -65.3911 0.0152443 -0.0446385 0.998887 2.32995 
0.972965 0.23079 -0.00866867 130.765 -0.230193 0.972123 0.0445809 -65.5838 0.0187158 -0.0413802 0.998968 2.34169 
0.97338 0.229188 -0.00188084 131.606 -0.228924 0.972592 0.0407279 -65.7803 0.0111636 -0.0392131 0.999169 2.33794 
0.973536 0.228127 0.0136411 132.449 -0.228464 0.97298 0.0333884 -65.9853 -0.00565569 -0.0356213 0.999349 2.30011 
0.973662 0.226653 0.024719 133.277 -0.227367 0.973302 0.0314175 -66.1746 -0.0169382 -0.0362103 0.999201 2.33114 
0.97408 0.225143 0.0218668 134.083 -0.225868 0.973339 0.0399278 -66.342 -0.0122944 -0.0438319 0.998963 2.36451 
0.974367 0.224745 0.00992663 134.879 -0.22496 0.973138 0.0489482 -66.5195 0.00134087 -0.0499266 0.998752 2.36204 
0.974879 0.222733 0.00139315 135.685 -0.222532 0.973694 0.0489931 -66.7062 0.00955585 -0.0480723 0.998798 2.36276 
0.975398 0.22045 -0.000750408 136.494 -0.220188 0.974393 0.0455681 -66.889 0.0107767 -0.0442818 0.998961 2.38432 
0.976062 0.217482 0.00232055 137.288 -0.217376 0.975125 0.0433522 -67.0682 0.00716549 -0.0428188 0.999057 2.39458 
0.977109 0.212687 0.00461028 138.095 -0.212677 0.97609 0.0449056 -67.242 0.00505082 -0.0448582 0.998981 2.40853 
0.977887 0.209074 0.0050634 138.894 -0.209061 0.976605 0.0503638 -67.3986 0.00558481 -0.0503086 0.998718 2.42718 
0.9784 0.206641 0.00567487 139.7 -0.206621 0.976727 0.0575582 -67.5423 0.00635107 -0.0574875 0.998326 2.42744 
0.978779 0.204774 0.00769484 140.503 -0.204854 0.976842 0.0617618 -67.7013 0.00513052 -0.0620274 0.998061 2.43574 
0.978895 0.204126 0.00981834 141.301 -0.20435 0.977171 0.0581183 -67.8613 0.00226927 -0.0588981 0.998261 2.44792 
0.979258 0.202304 0.0112994 142.097 -0.202619 0.977639 0.0562738 -68.0249 0.000337682 -0.057396 0.998351 2.458 
0.979673 0.20035 0.0100372 142.9 -0.200598 0.978185 0.0539909 -68.1865 0.000998835 -0.0549068 0.998491 2.47724 
0.980521 0.196319 0.00610768 143.687 -0.196368 0.979148 0.0520414 -68.3442 0.00423638 -0.0522271 0.998626 2.48301 
0.981648 0.190686 0.00252159 144.476 -0.190575 0.980419 0.0495982 -68.4974 0.0069855 -0.0491685 0.998766 2.49919 
0.982963 0.183789 0.00231204 145.271 -0.183689 0.981828 0.0476776 -68.6495 0.00649259 -0.04729 0.99886 2.50695 
0.983971 0.178201 0.00676407 146.054 -0.178319 0.982809 0.0478438 -68.7861 0.00187801 -0.048283 0.998832 2.51011 
0.984664 0.173639 0.0169127 146.856 -0.174258 0.983558 0.0474031 -68.9332 -0.00840361 -0.0496233 0.998733 2.52352 
0.98526 0.169277 0.0246668 147.651 -0.170287 0.984262 0.0472205 -69.0549 -0.0162852 -0.0507249 0.99858 2.53817 
0.985942 0.165203 0.0250243 148.452 -0.166217 0.985011 0.0460991 -69.1822 -0.0170335 -0.0496105 0.998623 2.54582 
0.987157 0.158801 0.0174348 149.243 -0.159457 0.986093 0.0468323 -69.3015 -0.00975537 -0.0490109 0.998751 2.53743 
0.988133 0.153338 0.00896615 150.037 -0.153591 0.987017 0.0469867 -69.4255 -0.0016449 -0.0478062 0.998855 2.53096 
0.989245 0.146181 0.00497937 150.843 -0.146253 0.98815 0.0465843 -69.5513 0.00188937 -0.0468116 0.998902 2.53387 
0.990413 0.138073 0.00425416 151.636 -0.138112 0.989156 0.0499467 -69.65 0.00268825 -0.0500554 0.998743 2.53167 
0.991504 0.129942 0.00592335 152.447 -0.130071 0.989979 0.0549855 -69.7377 0.00128094 -0.0552888 0.99847 2.54695 
0.992637 0.120987 0.00576255 153.268 -0.121116 0.99091 0.0585507 -69.8253 0.00137369 -0.0588176 0.998268 2.55582 
0.99372 0.111874 0.0022242 154.072 -0.111814 0.992037 0.0579656 -69.9042 0.00427835 -0.0578502 0.998316 2.56148 
0.994614 0.103637 0.00172589 154.892 -0.103565 0.992964 0.0574223 -69.9828 0.00423735 -0.0572918 0.998348 2.57499 
0.995366 0.0960219 0.00509469 155.721 -0.0961546 0.993573 0.059716 -70.0508 0.000672087 -0.0599291 0.998202 2.57819 
0.996055 0.0879151 0.0120975 156.555 -0.0885022 0.994119 0.0624122 -70.1101 -0.00653937 -0.0632366 0.997977 2.56832 
0.996688 0.0795811 0.0167181 157.389 -0.0804965 0.994694 0.0640705 -70.1684 -0.0115306 -0.0652041 0.997805 2.5722 
0.997199 0.0722917 0.0192104 158.212 -0.0733746 0.995287 0.0634049 -70.2277 -0.0145362 -0.0646368 0.997803 2.57985 
0.997542 0.0674326 0.0190543 159.03 -0.0685088 0.995659 0.0630025 -70.2787 -0.0147231 -0.064153 0.997831 2.571 
0.997887 0.0630624 0.0156478 159.864 -0.0639597 0.995789 0.065681 -70.3293 -0.0114399 -0.066543 0.997718 2.57244 
0.998246 0.0585664 0.0086085 160.682 -0.0590288 0.995763 0.0705167 -70.3654 -0.0044421 -0.0709012 0.997473 2.58198 
0.99842 0.0560591 0.00380745 161.49 -0.0561862 0.995522 0.0760142 -70.4076 0.000470882 -0.0761081 0.997099 2.57189 
0.998561 0.0533438 0.00542889 162.315 -0.0536052 0.995499 0.0781582 -70.4351 -0.0012352 -0.0783368 0.996926 2.56996 
0.998582 0.0514823 0.0135705 163.143 -0.0523987 0.995481 0.079199 -70.4635 -0.00943185 -0.0797978 0.996766 2.5636 
0.998539 0.0482437 0.0243492 163.978 -0.0500306 0.995612 0.0790784 -70.5001 -0.0204273 -0.0801811 0.996571 2.5648 
0.998715 0.0438333 0.0254312 164.794 -0.0456479 0.996077 0.0758095 -70.5382 -0.0220085 -0.076873 0.996798 2.5582 
0.999042 0.0398389 0.018123 165.608 -0.0409917 0.996812 0.0684522 -70.5796 -0.0153382 -0.0691295 0.99749 2.56167 
0.999404 0.0331649 0.00958666 166.405 -0.0337046 0.997441 0.0630536 -70.603 -0.00747096 -0.0633391 0.997964 2.55431 
0.999652 0.0257164 0.00584483 167.221 -0.0260352 0.997654 0.0633212 -70.6177 -0.00420272 -0.0634514 0.997976 2.54729 
0.999802 0.0182187 0.0080414 168.057 -0.018689 0.997844 0.0629062 -70.6175 -0.006878 -0.063044 0.997987 2.55912 
0.999854 0.0101561 0.0137224 168.887 -0.0109876 0.998019 0.0619434 -70.6262 -0.0130661 -0.0620852 0.997985 2.55968 
0.999795 0.00342138 0.0199794 169.727 -0.00454134 0.998405 0.056282 -70.6449 -0.0197549 -0.0563612 0.998215 2.55217 
0.999743 -0.00202703 0.0225799 170.556 0.000899371 0.998757 0.0498396 -70.6587 -0.0226528 -0.0498065 0.998502 2.54943 
0.99979 -0.00802286 0.0188649 171.382 0.00719343 0.999022 0.0436313 -70.6594 -0.0191965 -0.0434864 0.99887 2.53879 
0.999845 -0.0144807 0.00997289 172.21 0.0140938 0.999185 0.0378279 -70.6537 -0.0105125 -0.0376815 0.999235 2.51813 
0.999771 -0.0213295 0.00188812 173.035 0.0212543 0.999212 0.0335228 -70.6497 -0.00260166 -0.0334749 0.999436 2.5081 
0.99959 -0.028642 0.000604893 173.873 0.0286052 0.99902 0.0337723 -70.6239 -0.00157161 -0.0337411 0.999429 2.49827 
0.999418 -0.0336607 0.0055793 174.73 0.0334144 0.998659 0.039544 -70.5774 -0.0069029 -0.0393346 0.999202 2.48082 
0.99915 -0.0381696 0.0155417 175.597 0.0374019 0.998194 0.0470031 -70.5323 -0.0173077 -0.0463819 0.998774 2.47144 
0.998808 -0.0422662 0.0243965 176.448 0.0410472 0.997981 0.048472 -70.4958 -0.0263959 -0.0474128 0.998527 2.47967 
0.998785 -0.0433454 0.0234307 177.297 0.0422035 0.997993 0.0472069 -70.4546 -0.0254299 -0.0461607 0.99861 2.50942 
0.998872 -0.0457808 0.0125858 178.119 0.0450403 0.997531 0.0538881 -70.4006 -0.0150217 -0.0532604 0.998468 2.50437 
0.998883 -0.0472212 0.00144143 178.949 0.0470526 0.997129 0.0593243 -70.3406 -0.00423866 -0.0591903 0.998238 2.48388 
0.998761 -0.0497545 -0.000600907 179.801 0.04971 0.997192 0.0560015 -70.298 -0.00218711 -0.055962 0.998431 2.46804 
0.998661 -0.0511641 0.00764538 180.663 0.0507188 0.997456 0.0500991 -70.2598 -0.0101892 -0.0496443 0.998715 2.46121 
0.998549 -0.0505654 0.0185253 181.521 0.0496591 0.997684 0.0464858 -70.215 -0.020833 -0.0454984 0.998747 2.46214 
0.998407 -0.0522217 0.021352 182.375 0.0511996 0.997633 0.0459024 -70.166 -0.0236986 -0.0447361 0.998718 2.46176 
0.998455 -0.0536171 0.0145927 183.208 0.0529437 0.997664 0.0431678 -70.1221 -0.0168731 -0.0423286 0.998961 2.46601 
0.998465 -0.055313 0.00269197 184.047 0.0551603 0.997667 0.0402277 -70.0852 -0.0049108 -0.0400175 0.999187 2.46419 
0.998354 -0.0572323 -0.00366357 184.895 0.0573252 0.99775 0.0347564 -70.0449 0.00166614 -0.0349092 0.999389 2.45801 
0.998287 -0.0584918 -0.00121995 185.748 0.0584997 0.997721 0.0336162 -69.9891 -0.000749105 -0.03363 0.999434 2.45434 
0.998193 -0.0597405 0.00642187 186.611 0.059485 0.997633 0.0344994 -69.9306 -0.00846768 -0.0340551 0.999384 2.44686 
0.998097 -0.0604396 0.0122014 187.47 0.0599571 0.997528 0.0366524 -69.8747 -0.0143865 -0.0358511 0.999254 2.45876 
0.998019 -0.0616417 0.0125784 188.342 0.0611104 0.99737 0.038977 -69.825 -0.0149479 -0.0381311 0.999161 2.46921 
0.998008 -0.0625259 0.00833992 189.171 0.0621208 0.997175 0.042227 -69.7673 -0.0109566 -0.0416249 0.999073 2.46928 
0.998054 -0.0621856 0.00454318 190.005 0.0618941 0.99691 0.0483659 -69.7002 -0.0075368 -0.0479906 0.998819 2.45947 
0.998108 -0.0613607 0.00393789 190.846 0.0610744 0.996782 0.0519184 -69.6337 -0.00711096 -0.0515796 0.998644 2.44997 
0.998012 -0.0626173 0.00721586 191.688 0.0621301 0.996562 0.0548072 -69.5726 -0.0106229 -0.0542499 0.998471 2.45424 
0.997944 -0.0633241 0.00992246 192.536 0.0626223 0.996247 0.0597519 -69.5123 -0.013669 -0.0590076 0.998164 2.4613 
0.997847 -0.0644655 0.0120382 193.371 0.0636021 0.996051 0.0619435 -69.4462 -0.0159839 -0.0610445 0.998007 2.4591 
0.997804 -0.0652587 0.0113664 194.182 0.0644788 0.996169 0.0590785 -69.3905 -0.0151782 -0.0582159 0.998189 2.45781 
